     time      11      10      00       01
   0.0000  0.0000  0.0000  0.0000   0.0000
   0.0601  0.0372  0.0372  0.0372   0.0372
   0.1201  0.1473  0.1473  0.1474   0.1474
   0.1802  0.3279  0.3279  0.3285   0.3285
   0.2402  0.5759  0.5759  0.5781   0.5782
   0.3003  0.8881  0.8879  0.8936   0.8939
   0.3604  1.2608  1.2602  1.2723   1.2729
   0.4204  1.6899  1.6887  1.7113   1.7126
   0.4805  2.1713  2.1688  2.2076   2.2100
   0.5405  2.7004  2.6960  2.7579   2.7624
   0.6006  3.2725  3.2650  3.3590   3.3665
   0.6607  3.8826  3.8706  4.0074   4.0195
   0.7207  4.5257  4.5073  4.6997   4.7182
   0.7808  5.1964  5.1691  5.4321   5.4595
   0.8408  5.8894  5.8502  6.2009   6.2403
   0.9009  6.5991  6.5443  7.0023   7.0575
   0.9610  7.3200  7.2450  7.8325   7.9080
   1.0210  8.0462  7.9457  8.6875   8.7886
   1.0811  8.7722  8.6398  9.5632   9.6965
   1.1411  9.4921  9.3205 10.4556  10.6284
   1.2012 10.2001  9.9808 11.3606  11.5815
   1.2613 10.8904 10.6136 12.2739  12.5529
   1.3213 11.5571 11.2119 13.1915  13.5396
   1.3814 12.1944 11.7686 14.1091  14.5389
   1.4414 12.7967 12.2764 15.0224  15.5482
   1.5015 13.3581 12.7284 15.9271  16.5647
   1.5616 13.8730 13.1174 16.8191  17.5859
   1.6216 14.3359 13.4374 17.6940  18.6093
   1.6817 14.7412 13.6831 18.5475  19.6326
   1.7417 15.0837 13.8513 19.3753  20.6535
   1.8018 15.3582 13.9409 20.1732  21.6699
   1.8619 15.5599 13.9561 20.9368  22.6795
   1.9219 15.6851 13.9202 21.6620  23.6805
   1.9820 15.7324 13.8692 22.3446  24.6710
   2.0420 15.7113 13.8154 22.9802  25.6492
   2.1021 15.6573 13.7607 23.5647  26.6135
   2.1622 15.5970 13.7055 24.0940  27.5623
   2.2222 15.5351 13.6501 24.5640  28.4942
   2.2823 15.4727 13.5947 24.9707  29.4078
   2.3423 15.4101 13.5394 25.3102  30.3020
   2.4024 15.3474 13.4841 25.5785  31.1756
   2.4625 15.2848 13.4289 25.7722  32.0277
   2.5225 15.2223 13.3738 25.8882  32.8574
   2.5826 15.1599 13.3189 25.9249  33.6639
   2.6426 15.0976 13.2642 25.8865  34.4465
   2.7027 15.0356 13.2096 25.7986  35.2048
   2.7628 14.9737 13.1553 25.6977  35.9382
   2.8228 14.9120 13.1011 25.5945  36.6465
   2.8829 14.8506 13.0471 25.4906  37.3294
   2.9429 14.7893 12.9933 25.3866  37.9868
   3.0030 14.7283 12.9397 25.2826  38.6187
   3.0631 14.6675 12.8862 25.1787  39.2252
   3.1231 14.6069 12.8330 25.0751  39.8065
   3.1832 14.5466 12.7800 24.9718  40.3628
   3.2432 14.4865 12.7272 24.8689  40.8945
   3.3033 14.4266 12.6746 24.7662  41.4022
   3.3634 14.3669 12.6222 24.6639  41.8864
   3.4234 14.3075 12.5700 24.5620  42.3477
   3.4835 14.2483 12.5180 24.4605  42.7869
   3.5435 14.1894 12.4662 24.3593  43.2048
   3.6036 14.1306 12.4147 24.2585  43.6023
   3.6637 14.0721 12.3633 24.1581  43.9804
   3.7237 14.0139 12.3121 24.0581  44.3401
   3.7838 13.9559 12.2611 23.9585  44.6823
   3.8438 13.8981 12.2104 23.8592  45.0081
   3.9039 13.8405 12.1598 23.7604  45.3185
   3.9640 13.7832 12.1095 23.6619  45.6145
   4.0240 13.7261 12.0593 23.5639  45.8969
   4.0841 13.6692 12.0094 23.4662  46.1667
   4.1441 13.6126 11.9596 23.3690  46.4248
   4.2042 13.5562 11.9101 23.2721  46.6720
   4.2643 13.5000 11.8607 23.1756  46.9093
   4.3243 13.4441 11.8116 23.0795  47.1374
   4.3844 13.3883 11.7626 22.9838  47.3571
   4.4444 13.3328 11.7139 22.8885  47.5692
   4.5045 13.2776 11.6653 22.7936  47.7744
   4.5646 13.2225 11.6170 22.6990  47.9735
   4.6246 13.1677 11.5688 22.6049  48.1672
   4.6847 13.1131 11.5209 22.5111  48.3561
   4.7447 13.0587 11.4731 22.4178  48.5410
   4.8048 13.0046 11.4256 22.3248  48.7224
   4.8649 12.9507 11.3782 22.2321  48.9010
   4.9249 12.8970 11.3310 22.1399  49.0774
   4.9850 12.8435 11.2840 22.0480  49.2522
   5.0450 12.7902 11.2372 21.9566  49.4259
   5.1051 12.7372 11.1907 21.8655  49.5991
   5.1652 12.6844 11.1442 21.7747  49.7723
   5.2252 12.6317 11.0980 21.6844  49.9461
   5.2853 12.5794 11.0520 21.5944  50.1209
   5.3453 12.5272 11.0062 21.5048  50.2971
   5.4054 12.4752 10.9605 21.4155  50.4754
   5.4655 12.4235 10.9151 21.3267  50.6560
   5.5255 12.3719 10.8698 21.2382  50.8395
   5.5856 12.3206 10.8247 21.1500  51.0262
   5.6456 12.2695 10.7798 21.0622  51.2166
   5.7057 12.2186 10.7351 20.9748  51.4111
   5.7658 12.1679 10.6906 20.8878  51.6100
   5.8258 12.1174 10.6462 20.8011  51.8137
   5.8859 12.0671 10.6021 20.7147  52.0225
   5.9459 12.0171 10.5581 20.6288  52.2368
   6.0060 11.9672 10.5143 20.5431  52.4569
   6.0661 11.9176 10.4707 20.4579  52.6831
   6.1261 11.8681 10.4272 20.3729  52.9157
   6.1862 11.8189 10.3840 20.2884  53.1550
   6.2462 11.7698 10.3409 20.2042  53.4012
   6.3063 11.7210 10.2980 20.1203  53.6547
   6.3664 11.6723 10.2552 20.0368  53.9157
   6.4264 11.6239 10.2127 19.9536  54.1844
   6.4865 11.5757 10.1703 19.8708  54.4610
   6.5465 11.5276 10.1281 19.7883  54.7459
   6.6066 11.4798 10.0861 19.7061  55.0391
   6.6667 11.4322 10.0442 19.6243  55.3409
   6.7267 11.3847 10.0026 19.5428  55.6516
   6.7868 11.3375  9.9611 19.4617  55.9712
   6.8468 11.2904  9.9197 19.3809  56.2999
   6.9069 11.2436  9.8786 19.3004  56.6380
   6.9670 11.1969  9.8376 19.2203  56.9855
   7.0270 11.1504  9.7967 19.1405  57.3427
   7.0871 11.1041  9.7561 19.0611  57.7097
   7.1471 11.0581  9.7156 18.9819  58.0865
   7.2072 11.0122  9.6753 18.9031  58.4734
   7.2673 10.9665  9.6351 18.8246  58.8704
   7.3273 10.9209  9.5951 18.7465  59.2777
   7.3874 10.8756  9.5553 18.6686  59.6954
   7.4474 10.8305  9.5157 18.5911  60.1236
   7.5075 10.7855  9.4762 18.5139  60.5623
   7.5676 10.7408  9.4368 18.4371  61.0117
   7.6276 10.6962  9.3977 18.3605  61.4717
   7.6877 10.6518  9.3587 18.2843  61.9426
   7.7477 10.6076  9.3198 18.2084  62.4244
   7.8078 10.5635  9.2812 18.1328  62.9171
   7.8679 10.5197  9.2426 18.0575  63.4208
   7.9279 10.4760  9.2043 17.9825  63.9355
   7.9880 10.4325  9.1661 17.9078  64.4614
   8.0480 10.3892  9.1280 17.8335  64.9983
   8.1081 10.3461  9.0901 17.7594  65.5464
   8.1682 10.3032  9.0524 17.6857  66.1057
   8.2282 10.2604  9.0148 17.6122  66.6763
   8.2883 10.2178  8.9774 17.5391  67.2581
   8.3483 10.1754  8.9402 17.4663  67.8511
   8.4084 10.1331  8.9031 17.3938  68.4554
   8.4685 10.0911  8.8661 17.3215  69.0710
   8.5285 10.0492  8.8293 17.2496  69.6979
   8.5886 10.0075  8.7926 17.1780  70.3361
   8.6486  9.9659  8.7561 17.1066  70.9855
   8.7087  9.9246  8.7198 17.0356  71.6463
   8.7688  9.8834  8.6836 16.9649  72.3183
   8.8288  9.8423  8.6476 16.8944  73.0016
   8.8889  9.8015  8.6117 16.8243  73.6961
   8.9489  9.7608  8.5759 16.7544  74.4018
   9.0090  9.7203  8.5403 16.6848  75.1188
   9.0691  9.6799  8.5049 16.6156  75.8469
   9.1291  9.6397  8.4696 16.5466  76.5861
   9.1892  9.5997  8.4344 16.4779  77.3365
   9.2492  9.5599  8.3994 16.4094  78.0979
   9.3093  9.5202  8.3645 16.3413  78.8704
   9.3694  9.4806  8.3298 16.2734  79.6539
   9.4294  9.4413  8.2952 16.2058  80.4484
   9.4895  9.4021  8.2608 16.1386  81.2538
   9.5495  9.3631  8.2265 16.0715  82.0700
   9.6096  9.3242  8.1924 16.0048  82.8970
   9.6697  9.2855  8.1583 15.9383  83.7349
   9.7297  9.2469  8.1245 15.8721  84.5834
   9.7898  9.2085  8.0908 15.8062  85.4426
   9.8498  9.1703  8.0572 15.7406  86.3124
   9.9099  9.1322  8.0237 15.6752  87.1928
   9.9700  9.0943  7.9904 15.6101  88.0836
  10.0300  9.0566  7.9572 15.5453  88.9849
  10.0901  9.0190  7.9242 15.4808  89.8965
  10.1502  8.9815  7.8913 15.4165  90.8185
  10.2102  8.9442  7.8585 15.3524  91.7506
  10.2703  8.9071  7.8259 15.2887  92.6929
  10.3303  8.8701  7.7934 15.2252  93.6453
  10.3904  8.8333  7.7611 15.1620  94.6078
  10.4505  8.7966  7.7289 15.0990  95.5801
  10.5105  8.7601  7.6968 15.0363  96.5624
  10.5706  8.7237  7.6648 14.9739  97.5544
  10.6306  8.6875  7.6330 14.9117  98.5562
  10.6907  8.6514  7.6013 14.8498  99.5676
  10.7508  8.6155  7.5698 14.7881 100.5885
  10.8108  8.5797  7.5383 14.7267 101.6190
  10.8709  8.5441  7.5070 14.6655 102.6589
  10.9309  8.5086  7.4759 14.6046 103.7081
  10.9910  8.4733  7.4448 14.5440 104.7666
  11.0511  8.4381  7.4139 14.4836 105.8342
  11.1111  8.4031  7.3831 14.4234 106.9109
  11.1712  8.3682  7.3525 14.3635 107.9966
  11.2312  8.3335  7.3220 14.3039 109.0912
  11.2913  8.2989  7.2916 14.2445 110.1947
  11.3514  8.2644  7.2613 14.1853 111.3069
  11.4114  8.2301  7.2312 14.1264 112.4277
  11.4715  8.1959  7.2011 14.0677 113.5572
  11.5315  8.1619  7.1712 14.0093 114.6951
  11.5916  8.1280  7.1415 13.9511 115.8414
  11.6517  8.0943  7.1118 13.8932 116.9961
  11.7117  8.0607  7.0823 13.8355 118.1589
  11.7718  8.0272  7.0529 13.7780 119.3299
  11.8318  7.9939  7.0236 13.7208 120.5090
  11.8919  7.9607  6.9944 13.6638 121.6960
  11.9520  7.9276  6.9654 13.6071 122.8909
  12.0120  7.8947  6.9365 13.5506 124.0935
  12.0721  7.8619  6.9077 13.4943 125.3039
  12.1321  7.8293  6.8790 13.4383 126.5218
  12.1922  7.7968  6.8504 13.3825 127.7473
  12.2523  7.7644  6.8220 13.3269 128.9802
  12.3123  7.7322  6.7937 13.2715 130.2204
  12.3724  7.7001  6.7655 13.2164 131.4679
  12.4324  7.6681  6.7374 13.1615 132.7225
  12.4925  7.6362  6.7094 13.1069 133.9842
  12.5526  7.6045  6.6816 13.0524 135.2528
  12.6126  7.5730  6.6538 12.9982 136.5284
  12.6727  7.5415  6.6262 12.9442 137.8107
  12.7327  7.5102  6.5987 12.8905 139.0997
  12.7928  7.4790  6.5713 12.8370 140.3954
  12.8529  7.4480  6.5440 12.7836 141.6975
  12.9129  7.4170  6.5168 12.7306 143.0061
  12.9730  7.3863  6.4898 12.6777 144.3211
  13.0330  7.3556  6.4628 12.6250 145.6423
  13.0931  7.3250  6.4360 12.5726 146.9697
  13.1532  7.2946  6.4093 12.5204 148.3031
  13.2132  7.2643  6.3827 12.4684 149.6425
  13.2733  7.2342  6.3562 12.4166 150.9879
  13.3333  7.2041  6.3298 12.3650 152.3390
  13.3934  7.1742  6.3035 12.3137 153.6959
  13.4535  7.1444  6.2773 12.2625 155.0584
  13.5135  7.1148  6.2513 12.2116 156.4264
  13.5736  7.0852  6.2253 12.1609 157.8000
  13.6336  7.0558  6.1995 12.1104 159.1788
  13.6937  7.0265  6.1737 12.0601 160.5630
  13.7538  6.9973  6.1481 12.0100 161.9524
  13.8138  6.9683  6.1226 11.9601 163.3469
  13.8739  6.9393  6.0971 11.9105 164.7464
  13.9339  6.9105  6.0718 11.8610 166.1509
  13.9940  6.8818  6.0466 11.8117 167.5602
  14.0541  6.8533  6.0215 11.7627 168.9743
  14.1141  6.8248  5.9965 11.7138 170.3931
  14.1742  6.7965  5.9716 11.6652 171.8165
  14.2342  6.7683  5.9468 11.6167 173.2445
  14.2943  6.7401  5.9221 11.5685 174.6769
  14.3544  6.7122  5.8975 11.5205 176.1136
  14.4144  6.6843  5.8731 11.4726 177.5546
  14.4745  6.6565  5.8487 11.4250 178.9998
  14.5345  6.6289  5.8244 11.3775 180.4491
  14.5946  6.6014  5.8002 11.3303 181.9025
  14.6547  6.5740  5.7761 11.2832 183.3598
  14.7147  6.5467  5.7521 11.2363 184.8210
  14.7748  6.5195  5.7283 11.1897 186.2860
  14.8348  6.4924  5.7045 11.1432 187.7547
  14.8949  6.4655  5.6808 11.0969 189.2270
  14.9550  6.4386  5.6572 11.0508 190.7029
  15.0150  6.4119  5.6337 11.0049 192.1823
  15.0751  6.3852  5.6103 10.9592 193.6651
  15.1351  6.3587  5.5870 10.9137 195.1512
  15.1952  6.3323  5.5638 10.8684 196.6405
  15.2553  6.3060  5.5407 10.8233 198.1331
  15.3153  6.2799  5.5177 10.7783 199.6287
  15.3754  6.2538  5.4948 10.7335 201.1274
  15.4354  6.2278  5.4720 10.6890 202.6290
  15.4955  6.2020  5.4493 10.6446 204.1335
  15.5556  6.1762  5.4267 10.6004 205.6408
  15.6156  6.1506  5.4041 10.5563 207.1508
  15.6757  6.1250  5.3817 10.5125 208.6635
  15.7357  6.0996  5.3593 10.4688 210.1788
  15.7958  6.0743  5.3371 10.4254 211.6966
  15.8559  6.0490  5.3149 10.3821 213.2169
  15.9159  6.0239  5.2929 10.3389 214.7395
  15.9760  5.9989  5.2709 10.2960 216.2644
  16.0360  5.9740  5.2490 10.2532 217.7916
  16.0961  5.9492  5.2272 10.2107 219.3210
  16.1562  5.9245  5.2055 10.1683 220.8524
  16.2162  5.8999  5.1839 10.1260 222.3859
  16.2763  5.8754  5.1624 10.0840 223.9214
  16.3363  5.8510  5.1409 10.0421 225.4588
  16.3964  5.8267  5.1196 10.0004 226.9980
  16.4565  5.8025  5.0983  9.9589 228.5390
  16.5165  5.7784  5.0772  9.9175 230.0817
  16.5766  5.7544  5.0561  9.8763 231.6260
  16.6366  5.7305  5.0351  9.8353 233.1719
  16.6967  5.7067  5.0142  9.7944 234.7193
  16.7568  5.6830  4.9934  9.7538 236.2682
  16.8168  5.6594  4.9726  9.7133 237.8185
  16.8769  5.6359  4.9520  9.6729 239.3701
  16.9369  5.6125  4.9314  9.6327 240.9230
  16.9970  5.5892  4.9110  9.5927 242.4771
  17.0571  5.5660  4.8906  9.5529 244.0323
  17.1171  5.5429  4.8703  9.5132 245.5886
  17.1772  5.5199  4.8500  9.4737 247.1460
  17.2372  5.4970  4.8299  9.4344 248.7043
  17.2973  5.4741  4.8098  9.3952 250.2636
  17.3574  5.4514  4.7899  9.3562 251.8237
  17.4174  5.4288  4.7700  9.3173 253.3846
  17.4775  5.4062  4.7502  9.2786 254.9462
  17.5375  5.3838  4.7305  9.2401 256.5086
  17.5976  5.3614  4.7108  9.2017 258.0716
  17.6577  5.3392  4.6913  9.1635 259.6351
  17.7177  5.3170  4.6718  9.1254 261.1992
  17.7778  5.2949  4.6524  9.0875 262.7637
  17.8378  5.2729  4.6331  9.0498 264.3287
  17.8979  5.2510  4.6138  9.0122 265.8941
  17.9580  5.2292  4.5947  8.9748 267.4597
  18.0180  5.2075  4.5756  8.9375 269.0256
  18.0781  5.1859  4.5566  8.9004 270.5917
  18.1381  5.1644  4.5377  8.8634 272.1580
  18.1982  5.1429  4.5188  8.8266 273.7244
  18.2583  5.1216  4.5001  8.7899 275.2909
  18.3183  5.1003  4.4814  8.7534 276.8573
  18.3784  5.0791  4.4628  8.7171 278.4238
  18.4384  5.0580  4.4443  8.6809 279.9901
  18.4985  5.0370  4.4258  8.6448 281.5563
  18.5586  5.0161  4.4074  8.6089 283.1224
  18.6186  4.9953  4.3891  8.5732 284.6882
  18.6787  4.9746  4.3709  8.5376 286.2537
  18.7387  4.9539  4.3528  8.5021 287.8189
  18.7988  4.9333  4.3347  8.4668 289.3837
  18.8589  4.9128  4.3167  8.4316 290.9482
  18.9189  4.8924  4.2988  8.3966 292.5122
  18.9790  4.8721  4.2809  8.3617 294.0757
  19.0390  4.8519  4.2631  8.3270 295.6386
  19.0991  4.8318  4.2454  8.2924 297.2010
  19.1592  4.8117  4.2278  8.2580 298.7627
  19.2192  4.7917  4.2103  8.2237 300.3238
  19.2793  4.7718  4.1928  8.1895 301.8842
  19.3393  4.7520  4.1754  8.1555 303.4438
  19.3994  4.7323  4.1580  8.1217 305.0026
  19.4595  4.7126  4.1408  8.0879 306.5606
  19.5195  4.6931  4.1236  8.0543 308.1177
  19.5796  4.6736  4.1065  8.0209 309.6739
  19.6396  4.6542  4.0894  7.9876 311.2292
  19.6997  4.6348  4.0724  7.9544 312.7835
  19.7598  4.6156  4.0555  7.9214 314.3367
  19.8198  4.5964  4.0387  7.8885 315.8889
  19.8799  4.5773  4.0219  7.8557 317.4400
  19.9399  4.5583  4.0052  7.8231 318.9900
  20.0000  4.5394  3.9886  7.7906 320.5388
  20.0601  4.5206  3.9720  7.7582 322.0863
  20.1201  4.5018  3.9555  7.7260 323.6327
  20.1802  4.4831  3.9391  7.6939 325.1777
  20.2402  4.4645  3.9228  7.6620 326.7215
  20.3003  4.4459  3.9065  7.6302 328.2639
  20.3604  4.4275  3.8903  7.5985 329.8049
  20.4204  4.4091  3.8741  7.5669 331.3445
  20.4805  4.3908  3.8580  7.5355 332.8827
  20.5405  4.3726  3.8420  7.5042 334.4193
  20.6006  4.3544  3.8260  7.4730 335.9545
  20.6607  4.3363  3.8102  7.4420 337.4881
  20.7207  4.3183  3.7943  7.4111 339.0202
  20.7808  4.3004  3.7786  7.3803 340.5506
  20.8408  4.2825  3.7629  7.3497 342.0795
  20.9009  4.2648  3.7473  7.3191 343.6066
  20.9610  4.2470  3.7317  7.2887 345.1321
  21.0210  4.2294  3.7162  7.2585 346.6558
  21.0811  4.2118  3.7008  7.2283 348.1778
  21.1411  4.1944  3.6854  7.1983 349.6980
  21.2012  4.1769  3.6701  7.1684 351.2164
  21.2613  4.1596  3.6549  7.1386 352.7329
  21.3213  4.1423  3.6397  7.1090 354.2476
  21.3814  4.1251  3.6246  7.0795 355.7604
  21.4414  4.1080  3.6096  7.0501 357.2713
  21.5015  4.0909  3.5946  7.0208 358.7802
  21.5616  4.0740  3.5796  6.9916 360.2872
  21.6216  4.0570  3.5648  6.9626 361.7922
  21.6817  4.0402  3.5500  6.9337 363.2951
  21.7417  4.0234  3.5352  6.9049 364.7960
  21.8018  4.0067  3.5206  6.8762 366.2948
  21.8619  3.9901  3.5060  6.8476 367.7916
  21.9219  3.9735  3.4914  6.8192 369.2862
  21.9820  3.9570  3.4769  6.7909 370.7786
  22.0420  3.9406  3.4625  6.7627 372.2689
  22.1021  3.9242  3.4481  6.7346 373.7570
  22.1622  3.9079  3.4338  6.7066 375.2429
  22.2222  3.8917  3.4195  6.6788 376.7266
  22.2823  3.8755  3.4053  6.6510 378.2080
  22.3423  3.8595  3.3912  6.6234 379.6872
  22.4024  3.8434  3.3771  6.5959 381.1640
  22.4625  3.8275  3.3631  6.5685 382.6385
  22.5225  3.8116  3.3491  6.5412 384.1107
  22.5826  3.7958  3.3352  6.5141 385.5805
  22.6426  3.7800  3.3214  6.4870 387.0479
  22.7027  3.7643  3.3076  6.4601 388.5129
  22.7628  3.7487  3.2938  6.4332 389.9755
  22.8228  3.7331  3.2802  6.4065 391.4357
  22.8829  3.7176  3.2666  6.3799 392.8934
  22.9429  3.7022  3.2530  6.3534 394.3486
  23.0030  3.6868  3.2395  6.3270 395.8014
  23.0631  3.6715  3.2260  6.3008 397.2516
  23.1231  3.6562  3.2126  6.2746 398.6993
  23.1832  3.6411  3.1993  6.2485 400.1444
  23.2432  3.6259  3.1860  6.2226 401.5870
  23.3033  3.6109  3.1728  6.1967 403.0270
  23.3634  3.5959  3.1596  6.1710 404.4644
  23.4234  3.5810  3.1465  6.1454 405.8992
  23.4835  3.5661  3.1334  6.1199 407.3313
  23.5435  3.5513  3.1204  6.0944 408.7609
  23.6036  3.5365  3.1075  6.0691 410.1877
  23.6637  3.5219  3.0946  6.0439 411.6119
  23.7237  3.5072  3.0817  6.0188 413.0333
  23.7838  3.4927  3.0689  5.9938 414.4521
  23.8438  3.4782  3.0562  5.9689 415.8681
  23.9039  3.4637  3.0435  5.9442 417.2814
  23.9640  3.4494  3.0309  5.9195 418.6920
  24.0240  3.4350  3.0183  5.8949 420.0998
  24.0841  3.4208  3.0058  5.8704 421.5048
  24.1441  3.4066  2.9933  5.8460 422.9070
  24.2042  3.3924  2.9808  5.8217 424.3065
  24.2643  3.3783  2.9685  5.7976 425.7031
  24.3243  3.3643  2.9562  5.7735 427.0968
  24.3844  3.3503  2.9439  5.7495 428.4878
  24.4444  3.3364  2.9317  5.7256 429.8759
  24.5045  3.3226  2.9195  5.7019 431.2611
  24.5646  3.3088  2.9074  5.6782 432.6434
  24.6246  3.2950  2.8953  5.6546 434.0229
  24.6847  3.2814  2.8833  5.6311 435.3995
  24.7447  3.2677  2.8713  5.6077 436.7731
  24.8048  3.2542  2.8594  5.5844 438.1439
  24.8649  3.2407  2.8475  5.5612 439.5117
  24.9249  3.2272  2.8357  5.5382 440.8765
  24.9850  3.2138  2.8239  5.5152 442.2384
  25.0450  3.2005  2.8122  5.4922 443.5974
  25.1051  3.1872  2.8005  5.4694 444.9534
  25.1652  3.1739  2.7889  5.4467 446.3064
  25.2252  3.1608  2.7773  5.4241 447.6564
  25.2853  3.1476  2.7658  5.4016 449.0034
  25.3453  3.1346  2.7543  5.3791 450.3474
  25.4054  3.1216  2.7429  5.3568 451.6885
  25.4655  3.1086  2.7315  5.3346 453.0264
  25.5255  3.0957  2.7201  5.3124 454.3614
  25.5856  3.0828  2.7088  5.2903 455.6933
  25.6456  3.0700  2.6976  5.2684 457.0222
  25.7057  3.0573  2.6864  5.2465 458.3480
  25.7658  3.0446  2.6753  5.2247 459.6707
  25.8258  3.0320  2.6641  5.2030 460.9904
  25.8859  3.0194  2.6531  5.1814 462.3070
  25.9459  3.0068  2.6421  5.1599 463.6206
  26.0060  2.9944  2.6311  5.1385 464.9310
  26.0661  2.9819  2.6202  5.1171 466.2384
  26.1261  2.9695  2.6093  5.0959 467.5426
  26.1862  2.9572  2.5985  5.0747 468.8438
  26.2462  2.9449  2.5877  5.0536 470.1418
  26.3063  2.9327  2.5769  5.0326 471.4367
  26.3664  2.9205  2.5662  5.0117 472.7285
  26.4264  2.9084  2.5556  4.9909 474.0171
  26.4865  2.8963  2.5450  4.9702 475.3027
  26.5465  2.8843  2.5344  4.9496 476.5851
  26.6066  2.8723  2.5239  4.9290 477.8643
  26.6667  2.8604  2.5134  4.9085 479.1404
  26.7267  2.8485  2.5030  4.8882 480.4133
  26.7868  2.8367  2.4926  4.8679 481.6831
  26.8468  2.8249  2.4822  4.8476 482.9497
  26.9069  2.8132  2.4719  4.8275 484.2132
  26.9670  2.8015  2.4617  4.8075 485.4734
  27.0270  2.7899  2.4515  4.7875 486.7306
  27.0871  2.7783  2.4413  4.7676 487.9845
  27.1471  2.7668  2.4311  4.7478 489.2352
  27.2072  2.7553  2.4211  4.7281 490.4828
  27.2673  2.7438  2.4110  4.7085 491.7272
  27.3273  2.7325  2.4010  4.6889 492.9684
  27.3874  2.7211  2.3910  4.6694 494.2063
  27.4474  2.7098  2.3811  4.6501 495.4411
  27.5075  2.6986  2.3712  4.6307 496.6727
  27.5676  2.6874  2.3614  4.6115 497.9011
  27.6276  2.6762  2.3516  4.5924 499.1263
  27.6877  2.6651  2.3418  4.5733 500.3483
  27.7477  2.6540  2.3321  4.5543 501.5671
  27.8078  2.6430  2.3224  4.5354 502.7826
  27.8679  2.6320  2.3128  4.5166 503.9950
  27.9279  2.6211  2.3032  4.4978 505.2041
  27.9880  2.6102  2.2936  4.4791 506.4101
  28.0480  2.5994  2.2841  4.4605 507.6128
  28.1081  2.5886  2.2746  4.4420 508.8123
  28.1682  2.5779  2.2652  4.4235 510.0085
  28.2282  2.5672  2.2558  4.4052 511.2016
  28.2883  2.5565  2.2464  4.3869 512.3914
  28.3483  2.5459  2.2371  4.3687 513.5780
  28.4084  2.5353  2.2278  4.3505 514.7614
  28.4685  2.5248  2.2185  4.3325 515.9416
  28.5285  2.5143  2.2093  4.3145 517.1185
  28.5886  2.5039  2.2002  4.2966 518.2922
  28.6486  2.4935  2.1910  4.2787 519.4627
  28.7087  2.4831  2.1819  4.2609 520.6300
  28.7688  2.4728  2.1729  4.2432 521.7940
  28.8288  2.4625  2.1639  4.2256 522.9549
  28.8889  2.4523  2.1549  4.2081 524.1125
  28.9489  2.4421  2.1459  4.1906 525.2668
  29.0090  2.4320  2.1370  4.1732 526.4180
  29.0691  2.4219  2.1281  4.1559 527.5659
  29.1291  2.4119  2.1193  4.1386 528.7106
  29.1892  2.4018  2.1105  4.1214 529.8521
  29.2492  2.3919  2.1018  4.1043 530.9903
  29.3093  2.3819  2.0930  4.0873 532.1254
  29.3694  2.3721  2.0843  4.0703 533.2572
  29.4294  2.3622  2.0757  4.0534 534.3858
  29.4895  2.3524  2.0671  4.0366 535.5112
  29.5495  2.3426  2.0585  4.0198 536.6334
  29.6096  2.3329  2.0499  4.0031 537.7523
  29.6697  2.3232  2.0414  3.9865 538.8681
  29.7297  2.3136  2.0330  3.9699 539.9806
  29.7898  2.3040  2.0245  3.9534 541.0899
  29.8498  2.2944  2.0161  3.9370 542.1961
  29.9099  2.2849  2.0078  3.9207 543.2990
  29.9700  2.2754  1.9994  3.9044 544.3987
  30.0300  2.2660  1.9911  3.8882 545.4952
  30.0901  2.2566  1.9829  3.8720 546.5885
  30.1502  2.2472  1.9746  3.8560 547.6786
  30.2102  2.2379  1.9664  3.8399 548.7655
  30.2703  2.2286  1.9583  3.8240 549.8492
  30.3303  2.2193  1.9501  3.8081 550.9298
  30.3904  2.2101  1.9420  3.7923 552.0071
  30.4505  2.2009  1.9340  3.7766 553.0813
  30.5105  2.1918  1.9260  3.7609 554.1522
  30.5706  2.1827  1.9180  3.7453 555.2200
  30.6306  2.1736  1.9100  3.7297 556.2847
  30.6907  2.1646  1.9021  3.7142 557.3461
  30.7508  2.1556  1.8942  3.6988 558.4044
  30.8108  2.1467  1.8863  3.6834 559.4595
  30.8709  2.1378  1.8785  3.6681 560.5114
  30.9309  2.1289  1.8707  3.6529 561.5602
  30.9910  2.1201  1.8629  3.6377 562.6058
  31.0511  2.1113  1.8552  3.6226 563.6483
  31.1111  2.1025  1.8475  3.6076 564.6876
  31.1712  2.0938  1.8398  3.5926 565.7237
  31.2312  2.0851  1.8322  3.5777 566.7567
  31.2913  2.0764  1.8246  3.5628 567.7866
  31.3514  2.0678  1.8170  3.5480 568.8133
  31.4114  2.0592  1.8095  3.5333 569.8369
  31.4715  2.0507  1.8020  3.5186 570.8574
  31.5315  2.0421  1.7945  3.5040 571.8747
  31.5916  2.0337  1.7870  3.4895 572.8889
  31.6517  2.0252  1.7796  3.4750 573.9000
  31.7117  2.0168  1.7722  3.4606 574.9080
  31.7718  2.0085  1.7649  3.4462 575.9129
  31.8318  2.0001  1.7575  3.4319 576.9146
  31.8919  1.9918  1.7503  3.4176 577.9133
  31.9520  1.9835  1.7430  3.4034 578.9088
  32.0120  1.9753  1.7358  3.3893 579.9013
  32.0721  1.9671  1.7285  3.3752 580.8907
  32.1321  1.9589  1.7214  3.3612 581.8770
  32.1922  1.9508  1.7142  3.3473 582.8602
  32.2523  1.9427  1.7071  3.3334 583.8403
  32.3123  1.9347  1.7000  3.3195 584.8173
  32.3724  1.9266  1.6930  3.3057 585.7913
  32.4324  1.9186  1.6859  3.2920 586.7622
  32.4925  1.9107  1.6789  3.2783 587.7301
  32.5526  1.9027  1.6720  3.2647 588.6949
  32.6126  1.8948  1.6650  3.2512 589.6566
  32.6727  1.8870  1.6581  3.2377 590.6154
  32.7327  1.8791  1.6512  3.2242 591.5710
  32.7928  1.8713  1.6444  3.2108 592.5237
  32.8529  1.8636  1.6376  3.1975 593.4733
  32.9129  1.8558  1.6308  3.1842 594.4198
  32.9730  1.8481  1.6240  3.1710 595.3634
  33.0330  1.8405  1.6173  3.1578 596.3039
  33.0931  1.8328  1.6106  3.1447 597.2415
  33.1532  1.8252  1.6039  3.1317 598.1760
  33.2132  1.8176  1.5972  3.1187 599.1075
  33.2733  1.8101  1.5906  3.1057 600.0360
  33.3333  1.8026  1.5840  3.0928 600.9616
  33.3934  1.7951  1.5774  3.0800 601.8841
  33.4535  1.7876  1.5709  3.0672 602.8037
  33.5135  1.7802  1.5643  3.0545 603.7203
  33.5736  1.7728  1.5579  3.0418 604.6339
  33.6336  1.7655  1.5514  3.0291 605.5446
  33.6937  1.7581  1.5449  3.0166 606.4523
  33.7538  1.7509  1.5385  3.0040 607.3571
  33.8138  1.7436  1.5322  2.9916 608.2589
  33.8739  1.7363  1.5258  2.9791 609.1577
  33.9339  1.7291  1.5195  2.9668 610.0537
  33.9940  1.7220  1.5132  2.9545 610.9467
  34.0541  1.7148  1.5069  2.9422 611.8368
  34.1141  1.7077  1.5006  2.9300 612.7239
  34.1742  1.7006  1.4944  2.9178 613.6082
  34.2342  1.6936  1.4882  2.9057 614.4895
  34.2943  1.6865  1.4820  2.8936 615.3679
  34.3544  1.6795  1.4759  2.8816 616.2435
  34.4144  1.6726  1.4697  2.8696 617.1161
  34.4745  1.6656  1.4636  2.8577 617.9859
  34.5345  1.6587  1.4576  2.8459 618.8528
  34.5946  1.6518  1.4515  2.8341 619.7168
  34.6547  1.6450  1.4455  2.8223 620.5780
  34.7147  1.6381  1.4395  2.8106 621.4363
  34.7748  1.6313  1.4335  2.7989 622.2917
  34.8348  1.6246  1.4276  2.7873 623.1443
  34.8949  1.6178  1.4217  2.7757 623.9940
  34.9550  1.6111  1.4158  2.7642 624.8410
  35.0150  1.6044  1.4099  2.7527 625.6850
  35.0751  1.5978  1.4040  2.7413 626.5263
  35.1351  1.5911  1.3982  2.7299 627.3647
  35.1952  1.5845  1.3924  2.7186 628.2004
  35.2553  1.5779  1.3866  2.7073 629.0332
  35.3153  1.5714  1.3809  2.6960 629.8632
  35.3754  1.5649  1.3751  2.6848 630.6904
  35.4354  1.5584  1.3694  2.6737 631.5149
  35.4955  1.5519  1.3637  2.6626 632.3365
  35.5556  1.5455  1.3581  2.6515 633.1554
  35.6156  1.5391  1.3525  2.6405 633.9715
  35.6757  1.5327  1.3468  2.6296 634.7849
  35.7357  1.5263  1.3412  2.6186 635.5955
  35.7958  1.5200  1.3357  2.6078 636.4033
  35.8559  1.5137  1.3301  2.5969 637.2084
  35.9159  1.5074  1.3246  2.5862 638.0108
  35.9760  1.5011  1.3191  2.5754 638.8104
  36.0360  1.4949  1.3137  2.5647 639.6073
  36.0961  1.4887  1.3082  2.5541 640.4015
  36.1562  1.4825  1.3028  2.5435 641.1930
  36.2162  1.4764  1.2974  2.5329 641.9817
  36.2763  1.4702  1.2920  2.5224 642.7678
  36.3363  1.4641  1.2866  2.5119 643.5512
  36.3964  1.4581  1.2813  2.5015 644.3319
  36.4565  1.4520  1.2760  2.4911 645.1099
  36.5165  1.4460  1.2707  2.4808 645.8853
  36.5766  1.4400  1.2654  2.4705 646.6579
  36.6366  1.4340  1.2601  2.4602 647.4280
  36.6967  1.4281  1.2549  2.4500 648.1953
  36.7568  1.4221  1.2497  2.4398 648.9600
  36.8168  1.4162  1.2445  2.4297 649.7221
  36.8769  1.4104  1.2394  2.4196 650.4816
  36.9369  1.4045  1.2342  2.4096 651.2384
  36.9970  1.3987  1.2291  2.3996 651.9926
  37.0571  1.3929  1.2240  2.3896 652.7441
  37.1171  1.3871  1.2189  2.3797 653.4931
  37.1772  1.3813  1.2139  2.3698 654.2395
  37.2372  1.3756  1.2088  2.3600 654.9833
  37.2973  1.3699  1.2038  2.3502 655.7244
  37.3574  1.3642  1.1988  2.3404 656.4631
  37.4174  1.3585  1.1938  2.3307 657.1991
  37.4775  1.3529  1.1889  2.3210 657.9326
  37.5375  1.3473  1.1840  2.3114 658.6635
  37.5976  1.3417  1.1790  2.3018 659.3918
  37.6577  1.3361  1.1742  2.2922 660.1176
  37.7177  1.3306  1.1693  2.2827 660.8409
  37.7778  1.3251  1.1644  2.2732 661.5616
  37.8378  1.3196  1.1596  2.2638 662.2798
  37.8979  1.3141  1.1548  2.2544 662.9954
  37.9580  1.3086  1.1500  2.2450 663.7086
  38.0180  1.3032  1.1452  2.2357 664.4193
  38.0781  1.2978  1.1405  2.2264 665.1274
  38.1381  1.2924  1.1357  2.2172 665.8331
  38.1982  1.2871  1.1310  2.2080 666.5362
  38.2583  1.2817  1.1263  2.1988 667.2369
  38.3183  1.2764  1.1217  2.1897 667.9351
  38.3784  1.2711  1.1170  2.1806 668.6309
  38.4384  1.2658  1.1124  2.1715 669.3241
  38.4985  1.2606  1.1078  2.1625 670.0150
  38.5586  1.2553  1.1032  2.1536 670.7033
  38.6186  1.2501  1.0986  2.1446 671.3893
  38.6787  1.2449  1.0940  2.1357 672.0728
  38.7387  1.2398  1.0895  2.1268 672.7538
  38.7988  1.2346  1.0850  2.1180 673.4325
  38.8589  1.2295  1.0805  2.1092 674.1087
  38.9189  1.2244  1.0760  2.1005 674.7825
  38.9790  1.2193  1.0715  2.0917 675.4540
  39.0390  1.2143  1.0671  2.0831 676.1230
  39.0991  1.2092  1.0627  2.0744 676.7896
  39.1592  1.2042  1.0582  2.0658 677.4539
  39.2192  1.1992  1.0539  2.0572 678.1158
  39.2793  1.1942  1.0495  2.0487 678.7753
  39.3393  1.1893  1.0451  2.0402 679.4325
  39.3994  1.1844  1.0408  2.0317 680.0873
  39.4595  1.1794  1.0365  2.0233 680.7397
  39.5195  1.1745  1.0322  2.0149 681.3898
  39.5796  1.1697  1.0279  2.0065 682.0376
  39.6396  1.1648  1.0236  1.9982 682.6831
  39.6997  1.1600  1.0194  1.9899 683.3262
  39.7598  1.1552  1.0152  1.9816 683.9670
  39.8198  1.1504  1.0109  1.9734 684.6055
  39.8799  1.1456  1.0067  1.9652 685.2417
  39.9399  1.1409  1.0026  1.9570 685.8756
  40.0000  1.1361  0.9984  1.9489 686.5072
  40.0601  1.1314  0.9943  1.9408 687.1366
  40.1201  1.1267  0.9901  1.9328 687.7637
  40.1802  1.1220  0.9860  1.9248 688.3885
  40.2402  1.1174  0.9819  1.9168 689.0110
  40.3003  1.1127  0.9779  1.9088 689.6313
  40.3604  1.1081  0.9738  1.9009 690.2493
  40.4204  1.1035  0.9698  1.8930 690.8651
  40.4805  1.0990  0.9658  1.8851 691.4787
  40.5405  1.0944  0.9618  1.8773 692.0900
  40.6006  1.0899  0.9578  1.8695 692.6991
  40.6607  1.0853  0.9538  1.8618 693.3060
  40.7207  1.0808  0.9498  1.8540 693.9107
  40.7808  1.0763  0.9459  1.8463 694.5132
  40.8408  1.0719  0.9420  1.8387 695.1134
  40.9009  1.0674  0.9381  1.8310 695.7115
  40.9610  1.0630  0.9342  1.8234 696.3075
  41.0210  1.0586  0.9303  1.8159 696.9012
  41.0811  1.0542  0.9264  1.8083 697.4928
  41.1411  1.0498  0.9226  1.8008 698.0822
  41.2012  1.0455  0.9188  1.7933 698.6694
  41.2613  1.0411  0.9150  1.7859 699.2545
  41.3213  1.0368  0.9112  1.7785 699.8375
  41.3814  1.0325  0.9074  1.7711 700.4183
  41.4414  1.0282  0.9036  1.7638 700.9970
  41.5015  1.0240  0.8999  1.7564 701.5736
  41.5616  1.0197  0.8961  1.7491 702.1480
  41.6216  1.0155  0.8924  1.7419 702.7204
  41.6817  1.0113  0.8887  1.7346 703.2906
  41.7417  1.0071  0.8850  1.7274 703.8588
  41.8018  1.0029  0.8814  1.7203 704.4248
  41.8619  0.9987  0.8777  1.7131 704.9888
  41.9219  0.9946  0.8741  1.7060 705.5507
  41.9820  0.9905  0.8704  1.6989 706.1105
  42.0420  0.9864  0.8668  1.6919 706.6682
  42.1021  0.9823  0.8632  1.6849 707.2239
  42.1622  0.9782  0.8597  1.6779 707.7776
  42.2222  0.9741  0.8561  1.6709 708.3292
  42.2823  0.9701  0.8525  1.6640 708.8787
  42.3423  0.9661  0.8490  1.6571 709.4263
  42.4024  0.9621  0.8455  1.6502 709.9718
  42.4625  0.9581  0.8420  1.6433 710.5152
  42.5225  0.9541  0.8385  1.6365 711.0567
  42.5826  0.9501  0.8350  1.6297 711.5961
  42.6426  0.9462  0.8315  1.6230 712.1336
  42.7027  0.9423  0.8281  1.6162 712.6691
  42.7628  0.9384  0.8247  1.6095 713.2025
  42.8228  0.9345  0.8212  1.6028 713.7340
  42.8829  0.9306  0.8178  1.5962 714.2635
  42.9429  0.9267  0.8144  1.5896 714.7911
  43.0030  0.9229  0.8111  1.5830 715.3166
  43.0631  0.9191  0.8077  1.5764 715.8403
  43.1231  0.9153  0.8044  1.5698 716.3619
  43.1832  0.9115  0.8010  1.5633 716.8817
  43.2432  0.9077  0.7977  1.5568 717.3994
  43.3033  0.9039  0.7944  1.5504 717.9153
  43.3634  0.9002  0.7911  1.5439 718.4292
  43.4234  0.8964  0.7878  1.5375 718.9412
  43.4835  0.8927  0.7845  1.5312 719.4513
  43.5435  0.8890  0.7813  1.5248 719.9595
  43.6036  0.8853  0.7781  1.5185 720.4658
  43.6637  0.8816  0.7748  1.5122 720.9702
  43.7237  0.8780  0.7716  1.5059 721.4727
  43.7838  0.8744  0.7684  1.4996 721.9733
  43.8438  0.8707  0.7652  1.4934 722.4721
  43.9039  0.8671  0.7621  1.4872 722.9689
  43.9640  0.8635  0.7589  1.4811 723.4639
  44.0240  0.8599  0.7557  1.4749 723.9571
  44.0841  0.8564  0.7526  1.4688 724.4484
  44.1441  0.8528  0.7495  1.4627 724.9378
  44.2042  0.8493  0.7464  1.4566 725.4254
  44.2643  0.8458  0.7433  1.4506 725.9112
  44.3243  0.8422  0.7402  1.4445 726.3952
  44.3844  0.8388  0.7371  1.4386 726.8773
  44.4444  0.8353  0.7341  1.4326 727.3576
  44.5045  0.8318  0.7310  1.4266 727.8361
  44.5646  0.8284  0.7280  1.4207 728.3128
  44.6246  0.8249  0.7250  1.4148 728.7877
  44.6847  0.8215  0.7220  1.4089 729.2608
  44.7447  0.8181  0.7190  1.4031 729.7321
  44.8048  0.8147  0.7160  1.3973 730.2017
  44.8649  0.8113  0.7130  1.3915 730.6694
  44.9249  0.8080  0.7101  1.3857 731.1354
  44.9850  0.8046  0.7071  1.3800 731.5997
  45.0450  0.8013  0.7042  1.3742 732.0622
  45.1051  0.7980  0.7013  1.3685 732.5229
  45.1652  0.7946  0.6984  1.3628 732.9819
  45.2252  0.7913  0.6955  1.3572 733.4391
  45.2853  0.7881  0.6926  1.3516 733.8946
  45.3453  0.7848  0.6897  1.3459 734.3484
  45.4054  0.7815  0.6869  1.3404 734.8005
  45.4655  0.7783  0.6840  1.3348 735.2508
  45.5255  0.7751  0.6812  1.3293 735.6994
  45.5856  0.7719  0.6784  1.3237 736.1464
  45.6456  0.7687  0.6756  1.3182 736.5916
  45.7057  0.7655  0.6728  1.3128 737.0352
  45.7658  0.7623  0.6700  1.3073 737.4770
  45.8258  0.7591  0.6672  1.3019 737.9172
  45.8859  0.7560  0.6644  1.2965 738.3557
  45.9459  0.7529  0.6617  1.2911 738.7925
  46.0060  0.7497  0.6589  1.2858 739.2277
  46.0661  0.7466  0.6562  1.2804 739.6612
  46.1261  0.7435  0.6535  1.2751 740.0930
  46.1862  0.7404  0.6508  1.2698 740.5232
  46.2462  0.7374  0.6481  1.2646 740.9518
  46.3063  0.7343  0.6454  1.2593 741.3787
  46.3664  0.7313  0.6427  1.2541 741.8040
  46.4264  0.7282  0.6400  1.2489 742.2277
  46.4865  0.7252  0.6374  1.2437 742.6497
  46.5465  0.7222  0.6347  1.2385 743.0702
  46.6066  0.7192  0.6321  1.2334 743.4890
  46.6667  0.7162  0.6295  1.2283 743.9062
  46.7267  0.7133  0.6269  1.2232 744.3219
  46.7868  0.7103  0.6243  1.2181 744.7359
  46.8468  0.7074  0.6217  1.2130 745.1484
  46.9069  0.7044  0.6191  1.2080 745.5593
  46.9670  0.7015  0.6166  1.2030 745.9686
  47.0270  0.6986  0.6140  1.1980 746.3763
  47.0871  0.6957  0.6114  1.1930 746.7824
  47.1471  0.6928  0.6089  1.1881 747.1871
  47.2072  0.6900  0.6064  1.1832 747.5901
  47.2673  0.6871  0.6039  1.1782 747.9916
  47.3273  0.6842  0.6014  1.1734 748.3916
  47.3874  0.6814  0.5989  1.1685 748.7900
  47.4474  0.6786  0.5964  1.1636 749.1869
  47.5075  0.6758  0.5939  1.1588 749.5823
  47.5676  0.6730  0.5915  1.1540 749.9761
  47.6276  0.6702  0.5890  1.1492 750.3684
  47.6877  0.6674  0.5866  1.1444 750.7593
  47.7477  0.6646  0.5841  1.1397 751.1486
  47.8078  0.6619  0.5817  1.1350 751.5364
  47.8679  0.6591  0.5793  1.1303 751.9227
  47.9279  0.6564  0.5769  1.1256 752.3075
  47.9880  0.6537  0.5745  1.1209 752.6909
  48.0480  0.6510  0.5721  1.1163 753.0728
  48.1081  0.6483  0.5698  1.1116 753.4532
  48.1682  0.6456  0.5674  1.1070 753.8321
  48.2282  0.6429  0.5651  1.1024 754.2095
  48.2883  0.6402  0.5627  1.0978 754.5855
  48.3483  0.6376  0.5604  1.0933 754.9601
  48.4084  0.6349  0.5581  1.0887 755.3332
  48.4685  0.6323  0.5557  1.0842 755.7049
  48.5285  0.6297  0.5534  1.0797 756.0751
  48.5886  0.6271  0.5511  1.0753 756.4439
  48.6486  0.6245  0.5489  1.0708 756.8112
  48.7087  0.6219  0.5466  1.0663 757.1772
  48.7688  0.6193  0.5443  1.0619 757.5417
  48.8288  0.6167  0.5421  1.0575 757.9048
  48.8889  0.6142  0.5398  1.0531 758.2665
  48.9489  0.6116  0.5376  1.0488 758.6268
  49.0090  0.6091  0.5354  1.0444 758.9857
  49.0691  0.6066  0.5331  1.0401 759.3432
  49.1291  0.6041  0.5309  1.0358 759.6993
  49.1892  0.6016  0.5287  1.0315 760.0541
  49.2492  0.5991  0.5265  1.0272 760.4074
  49.3093  0.5966  0.5244  1.0229 760.7594
  49.3694  0.5941  0.5222  1.0187 761.1101
  49.4294  0.5917  0.5200  1.0145 761.4593
  49.4895  0.5892  0.5179  1.0102 761.8072
  49.5495  0.5868  0.5157  1.0061 762.1538
  49.6096  0.5843  0.5136  1.0019 762.4990
  49.6697  0.5819  0.5115  0.9977 762.8428
  49.7297  0.5795  0.5093  0.9936 763.1853
  49.7898  0.5771  0.5072  0.9895 763.5265
  49.8498  0.5747  0.5051  0.9854 763.8664
  49.9099  0.5723  0.5030  0.9813 764.2049
  49.9700  0.5699  0.5010  0.9772 764.5421
  50.0300  0.5676  0.4989  0.9731 764.8780
  50.0901  0.5652  0.4968  0.9691 765.2126
  50.1502  0.5629  0.4947  0.9651 765.5459
  50.2102  0.5606  0.4927  0.9611 765.8779
  50.2703  0.5582  0.4907  0.9571 766.2086
  50.3303  0.5559  0.4886  0.9531 766.5380
  50.3904  0.5536  0.4866  0.9492 766.8661
  50.4505  0.5513  0.4846  0.9452 767.1929
  50.5105  0.5490  0.4826  0.9413 767.5185
  50.5706  0.5468  0.4806  0.9374 767.8427
  50.6306  0.5445  0.4786  0.9335 768.1658
  50.6907  0.5422  0.4766  0.9296 768.4875
  50.7508  0.5400  0.4746  0.9258 768.8080
  50.8108  0.5378  0.4727  0.9220 769.1272
  50.8709  0.5355  0.4707  0.9181 769.4452
  50.9309  0.5333  0.4688  0.9143 769.7620
  50.9910  0.5311  0.4668  0.9105 770.0775
  51.0511  0.5289  0.4649  0.9067 770.3917
  51.1111  0.5267  0.4630  0.9030 770.7048
  51.1712  0.5245  0.4610  0.8992 771.0166
  51.2312  0.5224  0.4591  0.8955 771.3272
  51.2913  0.5202  0.4572  0.8918 771.6365
  51.3514  0.5180  0.4553  0.8881 771.9447
  51.4114  0.5159  0.4534  0.8844 772.2516
  51.4715  0.5137  0.4516  0.8807 772.5574
  51.5315  0.5116  0.4497  0.8771 772.8619
  51.5916  0.5095  0.4478  0.8735 773.1653
  51.6517  0.5074  0.4460  0.8698 773.4674
  51.7117  0.5053  0.4441  0.8662 773.7684
  51.7718  0.5032  0.4423  0.8626 774.0682
  51.8318  0.5011  0.4405  0.8591 774.3668
  51.8919  0.4990  0.4386  0.8555 774.6642
  51.9520  0.4970  0.4368  0.8519 774.9605
  52.0120  0.4949  0.4350  0.8484 775.2556
  52.0721  0.4929  0.4332  0.8449 775.5495
  52.1321  0.4908  0.4314  0.8414 775.8423
  52.1922  0.4888  0.4296  0.8379 776.1339
  52.2523  0.4868  0.4279  0.8344 776.4244
  52.3123  0.4847  0.4261  0.8310 776.7138
  52.3724  0.4827  0.4243  0.8275 777.0020
  52.4324  0.4807  0.4226  0.8241 777.2890
  52.4925  0.4787  0.4208  0.8207 777.5750
  52.5526  0.4768  0.4191  0.8173 777.8598
  52.6126  0.4748  0.4173  0.8139 778.1434
  52.6727  0.4728  0.4156  0.8105 778.4260
  52.7327  0.4709  0.4139  0.8071 778.7075
  52.7928  0.4689  0.4122  0.8038 778.9878
  52.8529  0.4670  0.4105  0.8004 779.2670
  52.9129  0.4650  0.4088  0.7971 779.5452
  52.9730  0.4631  0.4071  0.7938 779.8222
  53.0330  0.4612  0.4054  0.7905 780.0981
  53.0931  0.4593  0.4037  0.7873 780.3730
  53.1532  0.4574  0.4020  0.7840 780.6468
  53.2132  0.4555  0.4004  0.7807 780.9194
  53.2733  0.4536  0.3987  0.7775 781.1910
  53.3333  0.4517  0.3971  0.7743 781.4616
  53.3934  0.4498  0.3954  0.7711 781.7310
  53.4535  0.4480  0.3938  0.7679 781.9994
  53.5135  0.4461  0.3921  0.7647 782.2668
  53.5736  0.4443  0.3905  0.7615 782.5330
  53.6336  0.4424  0.3889  0.7584 782.7983
  53.6937  0.4406  0.3873  0.7552 783.0624
  53.7538  0.4388  0.3857  0.7521 783.3256
  53.8138  0.4370  0.3841  0.7490 783.5877
  53.8739  0.4351  0.3825  0.7459 783.8487
  53.9339  0.4333  0.3809  0.7428 784.1087
  53.9940  0.4316  0.3793  0.7397 784.3677
  54.0541  0.4298  0.3778  0.7366 784.6257
  54.1141  0.4280  0.3762  0.7336 784.8826
  54.1742  0.4262  0.3747  0.7305 785.1385
  54.2342  0.4244  0.3731  0.7275 785.3934
  54.2943  0.4227  0.3716  0.7245 785.6473
  54.3544  0.4209  0.3700  0.7215 785.9002
  54.4144  0.4192  0.3685  0.7185 786.1521
  54.4745  0.4175  0.3670  0.7155 786.4029
  54.5345  0.4157  0.3654  0.7125 786.6528
  54.5946  0.4140  0.3639  0.7096 786.9017
  54.6547  0.4123  0.3624  0.7066 787.1496
  54.7147  0.4106  0.3609  0.7037 787.3965
  54.7748  0.4089  0.3594  0.7008 787.6425
  54.8348  0.4072  0.3579  0.6979 787.8874
  54.8949  0.4055  0.3565  0.6950 788.1314
  54.9550  0.4038  0.3550  0.6921 788.3744
  55.0150  0.4022  0.3535  0.6892 788.6165
  55.0751  0.4005  0.3521  0.6864 788.8576
  55.1351  0.3988  0.3506  0.6835 789.0977
  55.1952  0.3972  0.3492  0.6807 789.3369
  55.2553  0.3955  0.3477  0.6779 789.5751
  55.3153  0.3939  0.3463  0.6751 789.8124
  55.3754  0.3923  0.3448  0.6723 790.0487
  55.4354  0.3906  0.3434  0.6695 790.2841
  55.4955  0.3890  0.3420  0.6667 790.5185
  55.5556  0.3874  0.3406  0.6639 790.7521
  55.6156  0.3858  0.3392  0.6612 790.9847
  55.6757  0.3842  0.3378  0.6584 791.2163
  55.7357  0.3826  0.3364  0.6557 791.4470
  55.7958  0.3810  0.3350  0.6530 791.6769
  55.8559  0.3795  0.3336  0.6503 791.9058
  55.9159  0.3779  0.3322  0.6476 792.1338
  55.9760  0.3763  0.3308  0.6449 792.3608
  56.0360  0.3748  0.3295  0.6422 792.5870
  56.0961  0.3732  0.3281  0.6396 792.8123
  56.1562  0.3717  0.3267  0.6369 793.0367
  56.2162  0.3701  0.3254  0.6343 793.2601
  56.2763  0.3686  0.3240  0.6316 793.4827
  56.3363  0.3671  0.3227  0.6290 793.7044
  56.3964  0.3656  0.3214  0.6264 793.9252
  56.4565  0.3640  0.3200  0.6238 794.1452
  56.5165  0.3625  0.3187  0.6212 794.3642
  56.5766  0.3610  0.3174  0.6187 794.5824
  56.6366  0.3595  0.3161  0.6161 794.7997
  56.6967  0.3581  0.3148  0.6135 795.0161
  56.7568  0.3566  0.3135  0.6110 795.2317
  56.8168  0.3551  0.3122  0.6085 795.4464
  56.8769  0.3536  0.3109  0.6059 795.6603
  56.9369  0.3522  0.3096  0.6034 795.8733
  56.9970  0.3507  0.3083  0.6009 796.0854
  57.0571  0.3493  0.3070  0.5984 796.2967
  57.1171  0.3478  0.3058  0.5960 796.5072
  57.1772  0.3464  0.3045  0.5935 796.7168
  57.2372  0.3449  0.3032  0.5910 796.9255
  57.2973  0.3435  0.3020  0.5886 797.1335
  57.3574  0.3421  0.3007  0.5861 797.3406
  57.4174  0.3407  0.2995  0.5837 797.5469
  57.4775  0.3393  0.2983  0.5813 797.7523
  57.5375  0.3379  0.2970  0.5789 797.9569
  57.5976  0.3365  0.2958  0.5765 798.1607
  57.6577  0.3351  0.2946  0.5741 798.3637
  57.7177  0.3337  0.2934  0.5717 798.5659
  57.7778  0.3323  0.2921  0.5693 798.7673
  57.8378  0.3309  0.2909  0.5670 798.9678
  57.8979  0.3296  0.2897  0.5646 799.1676
  57.9580  0.3282  0.2885  0.5623 799.3665
  58.0180  0.3268  0.2873  0.5600 799.5647
  58.0781  0.3255  0.2862  0.5576 799.7620
  58.1381  0.3241  0.2850  0.5553 799.9586
  58.1982  0.3228  0.2838  0.5530 800.1544
  58.2583  0.3215  0.2826  0.5507 800.3494
  58.3183  0.3201  0.2814  0.5485 800.5436
  58.3784  0.3188  0.2803  0.5462 800.7370
  58.4384  0.3175  0.2791  0.5439 800.9297
  58.4985  0.3162  0.2780  0.5417 801.1216
  58.5586  0.3149  0.2768  0.5394 801.3127
  58.6186  0.3136  0.2757  0.5372 801.5030
  58.6787  0.3123  0.2745  0.5350 801.6926
  58.7387  0.3110  0.2734  0.5327 801.8814
  58.7988  0.3097  0.2723  0.5305 802.0695
  58.8589  0.3084  0.2711  0.5283 802.2568
  58.9189  0.3071  0.2700  0.5261 802.4433
  58.9790  0.3059  0.2689  0.5240 802.6291
  59.0390  0.3046  0.2678  0.5218 802.8142
  59.0991  0.3033  0.2667  0.5196 802.9985
  59.1592  0.3021  0.2656  0.5175 803.1820
  59.2192  0.3008  0.2645  0.5153 803.3649
  59.2793  0.2996  0.2634  0.5132 803.5470
  59.3393  0.2983  0.2623  0.5111 803.7283
  59.3994  0.2971  0.2612  0.5090 803.9090
  59.4595  0.2959  0.2601  0.5068 804.0889
  59.5195  0.2947  0.2591  0.5047 804.2680
  59.5796  0.2934  0.2580  0.5027 804.4465
  59.6396  0.2922  0.2569  0.5006 804.6242
  59.6997  0.2910  0.2559  0.4985 804.8013
  59.7598  0.2898  0.2548  0.4964 804.9776
  59.8198  0.2886  0.2538  0.4944 805.1532
  59.8799  0.2874  0.2527  0.4923 805.3281
  59.9399  0.2862  0.2517  0.4903 805.5023
  60.0000  0.2851  0.2506  0.4883 805.6758
