     time         11         10      00         01
   0.0000     0.0000     0.0000  0.0000     0.0000
   0.0601     0.0000     0.0000  0.0000     0.0000
   0.1201     0.0005     0.0003  0.0000     0.0003
   0.1802     0.0037     0.0019  0.0000     0.0019
   0.2402     0.0147     0.0074  0.0000     0.0074
   0.3003     0.0418     0.0211  0.0000     0.0211
   0.3604     0.0958     0.0486  0.0001     0.0486
   0.4204     0.1892     0.0965  0.0002     0.0965
   0.4805     0.3348     0.1717  0.0004     0.1717
   0.5405     0.5455     0.2813  0.0006     0.2813
   0.6006     0.8331     0.4318  0.0009     0.4318
   0.6607     1.2087     0.6295  0.0013     0.6295
   0.7207     1.6820     0.8800  0.0018     0.8800
   0.7808     2.2623     1.1884  0.0025     1.1884
   0.8408     2.9576     1.5596  0.0033     1.5596
   0.9009     3.7754     1.9980  0.0042     1.9980
   0.9610     4.7225     2.5077  0.0053     2.5077
   1.0210     5.8052     3.0925  0.0065     3.0925
   1.0811     7.0288     3.7563  0.0079     3.7563
   1.1411     8.3986     4.5024  0.0095     4.5024
   1.2012     9.9188     5.3343  0.0112     5.3343
   1.2613    11.5932     6.2551  0.0132     6.2551
   1.3213    13.4252     7.2680  0.0153     7.2680
   1.3814    15.4171     8.3758  0.0176     8.3758
   1.4414    17.5709     9.5813  0.0202     9.5813
   1.5015    19.8878    10.8873  0.0229    10.8873
   1.5616    22.3681    12.2962  0.0259    12.2962
   1.6216    25.0116    13.8105  0.0290    13.8105
   1.6817    27.8173    15.4326  0.0325    15.4326
   1.7417    30.7834    17.1646  0.0361    17.1646
   1.8018    33.9076    19.0085  0.0400    19.0085
   1.8619    37.1869    20.9665  0.0441    20.9665
   1.9219    40.6178    23.0402  0.0485    23.0402
   1.9820    44.1965    25.2315  0.0531    25.2315
   2.0420    47.9190    27.5420  0.0579    27.5420
   2.1021    51.7810    29.9731  0.0631    29.9731
   2.1622    55.7784    32.5264  0.0684    32.5264
   2.2222    59.9073    35.2031  0.0741    35.2031
   2.2823    64.1638    38.0043  0.0800    38.0043
   2.3423    68.5444    40.9311  0.0862    40.9311
   2.4024    73.0459    43.9846  0.0926    43.9846
   2.4625    77.6655    47.1654  0.0994    47.1654
   2.5225    82.4003    50.4744  0.1064    50.4744
   2.5826    87.2481    53.9121  0.1137    53.9121
   2.6426    92.2066    57.4789  0.1213    57.4789
   2.7027    97.2739    61.1754  0.1291    61.1754
   2.7628   102.4481    65.0016  0.1373    65.0016
   2.8228   107.7275    68.9576  0.1457    68.9576
   2.8829   113.1104    73.0435  0.1544    73.0435
   2.9429   118.5954    77.2590  0.1635    77.2590
   3.0030   124.1810    81.6039  0.1728    81.6039
   3.0631   129.8659    86.0776  0.1824    86.0776
   3.1231   135.6487    90.6797  0.1923    90.6797
   3.1832   141.5283    95.4094  0.2026    95.4094
   3.2432   147.5034   100.2657  0.2131   100.2657
   3.3033   153.5728   105.2478  0.2239   105.2478
   3.3634   159.7354   110.3544  0.2350   110.3544
   3.4234   165.9901   115.5843  0.2465   115.5843
   3.4835   172.3359   120.9361  0.2582   120.9361
   3.5435   178.7717   126.4082  0.2703   126.4082
   3.6036   185.2964   131.9989  0.2826   131.9989
   3.6637   191.9091   137.7065  0.2953   137.7065
   3.7237   198.6088   143.5292  0.3083   143.5292
   3.7838   205.3946   149.4649  0.3215   149.4649
   3.8438   212.2654   155.5118  0.3351   155.5118
   3.9039   219.2204   161.6678  0.3490   161.6678
   3.9640   226.2587   167.9309  0.3632   167.9309
   4.0240   233.3793   174.2989  0.3777   174.2989
   4.0841   240.5813   180.7698  0.3926   180.7698
   4.1441   247.8640   187.3416  0.4077   187.3416
   4.2042   255.2264   194.0122  0.4232   194.0122
   4.2643   262.6676   200.7797  0.4389   200.7797
   4.3243   270.1869   207.6423  0.4550   207.6423
   4.3844   277.7834   214.5981  0.4714   214.5981
   4.4444   285.4563   221.6453  0.4881   221.6453
   4.5045   293.2048   228.7822  0.5051   228.7822
   4.5646   301.0281   236.0072  0.5224   236.0072
   4.6246   308.9253   243.3188  0.5400   243.3188
   4.6847   316.8958   250.7156  0.5579   250.7156
   4.7447   324.9387   258.1960  0.5761   258.1960
   4.8048   333.0533   265.7587  0.5947   265.7587
   4.8649   341.2387   273.4025  0.6135   273.4025
   4.9249   349.4944   281.1261  0.6326   281.1261
   4.9850   357.8195   288.9283  0.6521   288.9283
   5.0450   366.2132   296.8080  0.6719   296.8080
   5.1051   374.6749   304.7640  0.6919   304.7640
   5.1652   383.2039   312.7953  0.7123   312.7953
   5.2252   391.7993   320.9010  0.7329   320.9010
   5.2853   400.4607   329.0799  0.7539   329.0799
   5.3453   409.1871   337.3311  0.7752   337.3311
   5.4054   417.9779   345.6537  0.7967   345.6537
   5.4655   426.8325   354.0468  0.8186   354.0468
   5.5255   435.7502   362.5094  0.8407   362.5094
   5.5856   444.7303   371.0407  0.8632   371.0407
   5.6456   453.7721   379.6399  0.8859   379.6399
   5.7057   462.8749   388.3061  0.9089   388.3061
   5.7658   472.0382   397.0385  0.9323   397.0385
   5.8258   481.2612   405.8363  0.9559   405.8363
   5.8859   490.5434   414.6988  0.9798   414.6988
   5.9459   499.8840   423.6251  1.0040   423.6251
   6.0060   509.2825   432.6145  1.0285   432.6145
   6.0661   518.7382   441.6663  1.0532   441.6663
   6.1261   528.2505   450.7797  1.0783   450.7797
   6.1862   537.8189   459.9541  1.1036   459.9541
   6.2462   547.4426   469.1886  1.1292   469.1886
   6.3063   557.1211   478.4827  1.1551   478.4827
   6.3664   566.8538   487.8356  1.1813   487.8356
   6.4264   576.6401   497.2467  1.2077   497.2467
   6.4865   586.4794   506.7153  1.2345   506.7153
   6.5465   596.3711   516.2407  1.2615   516.2407
   6.6066   606.3147   525.8223  1.2887   525.8223
   6.6667   616.3095   535.4594  1.3163   535.4594
   6.7267   626.3551   545.1515  1.3441   545.1515
   6.7868   636.4508   554.8978  1.3722   554.8978
   6.8468   646.5962   564.6978  1.4005   564.6978
   6.9069   656.7905   574.5509  1.4291   574.5509
   6.9670   667.0334   584.4564  1.4580   584.4564
   7.0270   677.3242   594.4138  1.4871   594.4138
   7.0871   687.6624   604.4224  1.5165   604.4224
   7.1471   698.0475   614.4818  1.5462   614.4818
   7.2072   708.4790   624.5912  1.5761   624.5912
   7.2673   718.9563   634.7502  1.6062   634.7502
   7.3273   729.4790   644.9581  1.6367   644.9581
   7.3874   740.0464   655.2144  1.6673   655.2144
   7.4474   750.6581   665.5186  1.6983   665.5186
   7.5075   761.3136   675.8702  1.7294   675.8702
   7.5676   772.0124   686.2684  1.7608   686.2684
   7.6276   782.7540   696.7129  1.7925   696.7129
   7.6877   793.5379   707.2031  1.8244   707.2031
   7.7477   804.3636   717.7385  1.8566   717.7385
   7.8078   815.2306   728.3186  1.8889   728.3186
   7.8679   826.1385   738.9427  1.9216   738.9427
   7.9279   837.0867   749.6105  1.9544   749.6105
   7.9880   848.0749   760.3214  1.9875   760.3214
   8.0480   859.1025   771.0749  2.0209   771.0749
   8.1081   870.1690   781.8706  2.0544   781.8706
   8.1682   881.2741   792.7079  2.0882   792.7079
   8.2282   892.4172   803.5863  2.1223   803.5863
   8.2883   903.5979   814.5054  2.1565   814.5054
   8.3483   914.8158   825.4646  2.1910   825.4646
   8.4084   926.0704   836.4636  2.2257   836.4636
   8.4685   937.3613   847.5018  2.2606   847.5018
   8.5285   948.6880   858.5788  2.2957   858.5788
   8.5886   960.0501   869.6941  2.3311   869.6941
   8.6486   971.4473   880.8472  2.3667   880.8472
   8.7087   982.8789   892.0378  2.4025   892.0378
   8.7688   994.3447   903.2653  2.4385   903.2653
   8.8288  1005.8442   914.5293  2.4747   914.5293
   8.8889  1017.3771   925.8294  2.5111   925.8294
   8.9489  1028.9428   937.1652  2.5478   937.1652
   9.0090  1040.5410   948.5361  2.5846   948.5361
   9.0691  1052.1713   959.9418  2.6216   959.9418
   9.1291  1063.8333   971.3819  2.6589   971.3819
   9.1892  1075.5266   982.8559  2.6963   982.8559
   9.2492  1087.2508   994.3635  2.7340   994.3635
   9.3093  1099.0055  1005.9041  2.7718  1005.9041
   9.3694  1110.7903  1017.4775  2.8099  1017.4775
   9.4294  1122.6048  1029.0831  2.8481  1029.0831
   9.4895  1134.4487  1040.7206  2.8865  1040.7206
   9.5495  1146.3217  1052.3896  2.9252  1052.3896
   9.6096  1158.2232  1064.0897  2.9640  1064.0897
   9.6697  1170.1530  1075.8205  3.0030  1075.8205
   9.7297  1182.1106  1087.5816  3.0422  1087.5816
   9.7898  1194.0958  1099.3727  3.0815  1099.3727
   9.8498  1206.1081  1111.1933  3.1211  1111.1933
   9.9099  1218.1472  1123.0430  3.1608  1123.0430
   9.9700  1230.2128  1134.9216  3.2008  1134.9216
  10.0300  1242.3045  1146.8286  3.2408  1146.8286
  10.0901  1254.4219  1158.7637  3.2811  1158.7637
  10.1502  1266.5648  1170.7264  3.3216  1170.7264
  10.2102  1278.7327  1182.7165  3.3622  1182.7165
  10.2703  1290.9253  1194.7336  3.4030  1194.7336
  10.3303  1303.1423  1206.7773  3.4439  1206.7773
  10.3904  1315.3834  1218.8473  3.4851  1218.8473
  10.4505  1327.6482  1230.9431  3.5264  1230.9431
  10.5105  1339.9364  1243.0646  3.5678  1243.0646
  10.5706  1352.2477  1255.2113  3.6095  1255.2113
  10.6306  1364.5818  1267.3829  3.6512  1267.3829
  10.6907  1376.9383  1279.5790  3.6932  1279.5790
  10.7508  1389.3169  1291.7994  3.7353  1291.7994
  10.8108  1401.7173  1304.0437  3.7776  1304.0437
  10.8709  1414.1393  1316.3115  3.8200  1316.3115
  10.9309  1426.5824  1328.6026  3.8626  1328.6026
  10.9910  1439.0464  1340.9166  3.9053  1340.9166
  11.0511  1451.5310  1353.2532  3.9482  1353.2532
  11.1111  1464.0359  1365.6121  3.9912  1365.6121
  11.1712  1476.5608  1377.9929  4.0344  1377.9929
  11.2312  1489.1054  1390.3955  4.0777  1390.3955
  11.2913  1501.6694  1402.8193  4.1212  1402.8193
  11.3514  1514.2526  1415.2642  4.1648  1415.2642
  11.4114  1526.8545  1427.7299  4.2086  1427.7299
  11.4715  1539.4750  1440.2160  4.2525  1440.2160
  11.5315  1552.1138  1452.7222  4.2965  1452.7222
  11.5916  1564.7705  1465.2483  4.3407  1465.2483
  11.6517  1577.4450  1477.7940  4.3850  1477.7940
  11.7117  1590.1369  1490.3589  4.4295  1490.3589
  11.7718  1602.8460  1502.9428  4.4741  1502.9428
  11.8318  1615.5719  1515.5455  4.5188  1515.5455
  11.8919  1628.3145  1528.1665  4.5636  1528.1665
  11.9520  1641.0735  1540.8057  4.6086  1540.8057
  12.0120  1653.8485  1553.4627  4.6537  1553.4627
  12.0721  1666.6395  1566.1373  4.6989  1566.1373
  12.1321  1679.4459  1578.8292  4.7443  1578.8292
  12.1922  1692.2678  1591.5382  4.7898  1591.5382
  12.2523  1705.1047  1604.2639  4.8354  1604.2639
  12.3123  1717.9564  1617.0062  4.8811  1617.0062
  12.3724  1730.8227  1629.7647  4.9270  1629.7647
  12.4324  1743.7033  1642.5392  4.9729  1642.5392
  12.4925  1756.5980  1655.3294  5.0190  1655.3294
  12.5526  1769.5066  1668.1351  5.0652  1668.1351
  12.6126  1782.4288  1680.9560  5.1115  1680.9560
  12.6727  1795.3643  1693.7919  5.1580  1693.7919
  12.7327  1808.3130  1706.6424  5.2045  1706.6424
  12.7928  1821.2745  1719.5075  5.2512  1719.5075
  12.8529  1834.2488  1732.3868  5.2979  1732.3868
  12.9129  1847.2354  1745.2801  5.3448  1745.2801
  12.9730  1860.2343  1758.1871  5.3918  1758.1871
  13.0330  1873.2451  1771.1076  5.4388  1771.1076
  13.0931  1886.2678  1784.0414  5.4860  1784.0414
  13.1532  1899.3019  1796.9883  5.5333  1796.9883
  13.2132  1912.3474  1809.9479  5.5807  1809.9479
  13.2733  1925.4039  1822.9201  5.6282  1822.9201
  13.3333  1938.4714  1835.9046  5.6758  1835.9046
  13.3934  1951.5495  1848.9013  5.7235  1848.9013
  13.4535  1964.6381  1861.9099  5.7713  1861.9099
  13.5135  1977.7369  1874.9301  5.8192  1874.9301
  13.5736  1990.8458  1887.9618  5.8671  1887.9618
  13.6336  2003.9645  1901.0047  5.9152  1901.0047
  13.6937  2017.0928  1914.0587  5.9634  1914.0587
  13.7538  2030.2306  1927.1234  6.0116  1927.1234
  13.8138  2043.3776  1940.1988  6.0600  1940.1988
  13.8739  2056.5336  1953.2845  6.1084  1953.2845
  13.9339  2069.6984  1966.3804  6.1569  1966.3804
  13.9940  2082.8719  1979.4862  6.2055  1979.4862
  14.0541  2096.0538  1992.6018  6.2542  1992.6018
  14.1141  2109.2440  2005.7270  6.3030  2005.7270
  14.1742  2122.4422  2018.8615  6.3519  2018.8615
  14.2342  2135.6483  2032.0052  6.4008  2032.0052
  14.2943  2148.8620  2045.1579  6.4498  2045.1579
  14.3544  2162.0833  2058.3193  6.4989  2058.3193
  14.4144  2175.3119  2071.4892  6.5481  2071.4892
  14.4745  2188.5476  2084.6676  6.5974  2084.6676
  14.5345  2201.7903  2097.8541  6.6467  2097.8541
  14.5946  2215.0397  2111.0487  6.6961  2111.0487
  14.6547  2228.2957  2124.2510  6.7456  2124.2510
  14.7147  2241.5582  2137.4610  6.7952  2137.4610
  14.7748  2254.8269  2150.6784  6.8448  2150.6784
  14.8348  2268.1017  2163.9030  6.8945  2163.9030
  14.8949  2281.3823  2177.1348  6.9443  2177.1348
  14.9550  2294.6687  2190.3734  6.9942  2190.3734
  15.0150  2307.9607  2203.6187  7.0441  2203.6187
  15.0751  2321.2581  2216.8706  7.0941  2216.8706
  15.1351  2334.5607  2230.1289  7.1441  2230.1289
  15.1952  2347.8684  2243.3934  7.1942  2243.3934
  15.2553  2361.1810  2256.6639  7.2444  2256.6639
  15.3153  2374.4983  2269.9402  7.2946  2269.9402
  15.3754  2387.8202  2283.2222  7.3449  2283.2222
  15.4354  2401.1466  2296.5098  7.3953  2296.5098
  15.4955  2414.4772  2309.8027  7.4457  2309.8027
  15.5556  2427.8120  2323.1008  7.4962  2323.1008
  15.6156  2441.1507  2336.4039  7.5468  2336.4039
  15.6757  2454.4933  2349.7119  7.5974  2349.7119
  15.7357  2467.8395  2363.0246  7.6480  2363.0246
  15.7958  2481.1892  2376.3418  7.6987  2376.3418
  15.8559  2494.5423  2389.6635  7.7495  2389.6635
  15.9159  2507.8987  2402.9894  7.8003  2402.9894
  15.9760  2521.2581  2416.3193  7.8512  2416.3193
  16.0360  2534.6204  2429.6532  7.9022  2429.6532
  16.0961  2547.9856  2442.9909  7.9531  2442.9909
  16.1562  2561.3533  2456.3323  8.0042  2456.3323
  16.2162  2574.7236  2469.6771  8.0553  2469.6771
  16.2763  2588.0963  2483.0252  8.1064  2483.0252
  16.3363  2601.4712  2496.3766  8.1576  2496.3766
  16.3964  2614.8482  2509.7309  8.2088  2509.7309
  16.4565  2628.2272  2523.0882  8.2601  2523.0882
  16.5165  2641.6080  2536.4483  8.3114  2536.4483
  16.5766  2654.9906  2549.8110  8.3628  2549.8110
  16.6366  2668.3746  2563.1762  8.4142  2563.1762
  16.6967  2681.7602  2576.5437  8.4656  2576.5437
  16.7568  2695.1470  2589.9134  8.5171  2589.9134
  16.8168  2708.5350  2603.2852  8.5687  2603.2852
  16.8769  2721.9241  2616.6590  8.6202  2616.6590
  16.9369  2735.3141  2630.0346  8.6719  2630.0346
  16.9970  2748.7049  2643.4118  8.7235  2643.4118
  17.0571  2762.0964  2656.7906  8.7752  2656.7906
  17.1171  2775.4885  2670.1708  8.8269  2670.1708
  17.1772  2788.8810  2683.5523  8.8787  2683.5523
  17.2372  2802.2738  2696.9350  8.9305  2696.9350
  17.2973  2815.6669  2710.3187  8.9824  2710.3187
  17.3574  2829.0600  2723.7033  9.0342  2723.7033
  17.4174  2842.4531  2737.0887  9.0861  2737.0887
  17.4775  2855.8460  2750.4748  9.1381  2750.4748
  17.5375  2869.2387  2763.8615  9.1901  2763.8615
  17.5976  2882.6311  2777.2485  9.2421  2777.2485
  17.6577  2896.0229  2790.6359  9.2941  2790.6359
  17.7177  2909.4142  2804.0235  9.3462  2804.0235
  17.7778  2922.8047  2817.4111  9.3983  2817.4111
  17.8378  2936.1945  2830.7987  9.4504  2830.7987
  17.8979  2949.5833  2844.1862  9.5025  2844.1862
  17.9580  2962.9711  2857.5733  9.5547  2857.5733
  18.0180  2976.3578  2870.9601  9.6069  2870.9601
  18.0781  2989.7432  2884.3465  9.6592  2884.3465
  18.1381  3003.1273  2897.7322  9.7114  2897.7322
  18.1982  3016.5100  2911.1172  9.7637  2911.1172
  18.2583  3029.8911  2924.5014  9.8160  2924.5014
  18.3183  3043.2706  2937.8846  9.8684  2937.8846
  18.3784  3056.6483  2951.2668  9.9207  2951.2668
  18.4384  3070.0242  2964.6479  9.9731  2964.6479
  18.4985  3083.3981  2978.0278 10.0255  2978.0278
  18.5586  3096.7700  2991.4063 10.0779  2991.4063
  18.6186  3110.1398  3004.7834 10.1303  3004.7834
  18.6787  3123.5073  3018.1589 10.1828  3018.1589
  18.7387  3136.8725  3031.5327 10.2353  3031.5327
  18.7988  3150.2353  3044.9049 10.2878  3044.9049
  18.8589  3163.5956  3058.2751 10.3403  3058.2751
  18.9189  3176.9533  3071.6435 10.3928  3071.6435
  18.9790  3190.3083  3085.0098 10.4454  3085.0098
  19.0390  3203.6605  3098.3739 10.4979  3098.3739
  19.0991  3217.0099  3111.7359 10.5505  3111.7359
  19.1592  3230.3562  3125.0955 10.6031  3125.0955
  19.2192  3243.6996  3138.4527 10.6557  3138.4527
  19.2793  3257.0398  3151.8073 10.7084  3151.8073
  19.3393  3270.3768  3165.1594 10.7610  3165.1594
  19.3994  3283.7104  3178.5088 10.8136  3178.5088
  19.4595  3297.0407  3191.8554 10.8663  3191.8554
  19.5195  3310.3676  3205.1992 10.9190  3205.1992
  19.5796  3323.6908  3218.5400 10.9717  3218.5400
  19.6396  3337.0105  3231.8777 11.0244  3231.8777
  19.6997  3350.3264  3245.2123 11.0771  3245.2123
  19.7598  3363.6385  3258.5438 11.1298  3258.5438
  19.8198  3376.9468  3271.8719 11.1825  3271.8719
  19.8799  3390.2511  3285.1966 11.2352  3285.1966
  19.9399  3403.5513  3298.5179 11.2880  3298.5179
  20.0000  3416.8475  3311.8356 11.3407  3311.8356
  20.0601  3430.1395  3325.1497 11.3935  3325.1497
  20.1201  3443.4272  3338.4600 11.4462  3338.4600
  20.1802  3456.7106  3351.7666 11.4990  3351.7666
  20.2402  3469.9896  3365.0694 11.5518  3365.0694
  20.3003  3483.2640  3378.3682 11.6045  3378.3682
  20.3604  3496.5340  3391.6629 11.6573  3391.6629
  20.4204  3509.7993  3404.9536 11.7101  3404.9536
  20.4805  3523.0599  3418.2401 11.7629  3418.2401
  20.5405  3536.3158  3431.5223 11.8157  3431.5223
  20.6006  3549.5668  3444.8002 11.8685  3444.8002
  20.6607  3562.8129  3458.0737 11.9212  3458.0737
  20.7207  3576.0540  3471.3428 11.9740  3471.3428
  20.7808  3589.2901  3484.6073 12.0268  3484.6073
  20.8408  3602.5211  3497.8672 12.0796  3497.8672
  20.9009  3615.7469  3511.1224 12.1324  3511.1224
  20.9610  3628.9675  3524.3728 12.1852  3524.3728
  21.0210  3642.1827  3537.6184 12.2380  3537.6184
  21.0811  3655.3926  3550.8591 12.2908  3550.8591
  21.1411  3668.5971  3564.0949 12.3436  3564.0949
  21.2012  3681.7961  3577.3257 12.3964  3577.3257
  21.2613  3694.9895  3590.5513 12.4492  3590.5513
  21.3213  3708.1772  3603.7718 12.5020  3603.7718
  21.3814  3721.3593  3616.9870 12.5547  3616.9870
  21.4414  3734.5357  3630.1970 12.6075  3630.1970
  21.5015  3747.7062  3643.4016 12.6603  3643.4016
  21.5616  3760.8709  3656.6008 12.7131  3656.6008
  21.6216  3774.0297  3669.7945 12.7658  3669.7945
  21.6817  3787.1825  3682.9827 12.8186  3682.9827
  21.7417  3800.3292  3696.1652 12.8713  3696.1652
  21.8018  3813.4699  3709.3421 12.9241  3709.3421
  21.8619  3826.6044  3722.5133 12.9768  3722.5133
  21.9219  3839.7327  3735.6786 13.0295  3735.6786
  21.9820  3852.8548  3748.8382 13.0823  3748.8382
  22.0420  3865.9705  3761.9918 13.1350  3761.9918
  22.1021  3879.0798  3775.1394 13.1877  3775.1394
  22.1622  3892.1828  3788.2811 13.2404  3788.2811
  22.2222  3905.2792  3801.4166 13.2931  3801.4166
  22.2823  3918.3692  3814.5461 13.3458  3814.5461
  22.3423  3931.4525  3827.6693 13.3984  3827.6693
  22.4024  3944.5292  3840.7863 13.4511  3840.7863
  22.4625  3957.5993  3853.8970 13.5038  3853.8970
  22.5225  3970.6626  3867.0014 13.5564  3867.0014
  22.5826  3983.7191  3880.0993 13.6090  3880.0993
  22.6426  3996.7688  3893.1908 13.6616  3893.1908
  22.7027  4009.8116  3906.2758 13.7142  3906.2758
  22.7628  4022.8475  3919.3542 13.7668  3919.3542
  22.8228  4035.8764  3932.4260 13.8194  3932.4260
  22.8829  4048.8982  3945.4912 13.8720  3945.4912
  22.9429  4061.9130  3958.5496 13.9245  3958.5496
  23.0030  4074.9207  3971.6012 13.9771  3971.6012
  23.0631  4087.9213  3984.6461 14.0296  3984.6461
  23.1231  4100.9146  3997.6841 14.0821  3997.6841
  23.1832  4113.9007  4010.7152 14.1346  4010.7152
  23.2432  4126.8794  4023.7393 14.1871  4023.7393
  23.3033  4139.8509  4036.7564 14.2396  4036.7564
  23.3634  4152.8149  4049.7665 14.2920  4049.7665
  23.4234  4165.7715  4062.7695 14.3445  4062.7695
  23.4835  4178.7207  4075.7653 14.3969  4075.7653
  23.5435  4191.6623  4088.7540 14.4493  4088.7540
  23.6036  4204.5964  4101.7354 14.5017  4101.7354
  23.6637  4217.5229  4114.7095 14.5541  4114.7095
  23.7237  4230.4418  4127.6763 14.6064  4127.6763
  23.7838  4243.3530  4140.6358 14.6588  4140.6358
  23.8438  4256.2564  4153.5878 14.7111  4153.5878
  23.9039  4269.1522  4166.5325 14.7634  4166.5325
  23.9640  4282.0401  4179.4696 14.8157  4179.4696
  24.0240  4294.9202  4192.3992 14.8680  4192.3992
  24.0841  4307.7924  4205.3212 14.9202  4205.3212
  24.1441  4320.6568  4218.2356 14.9724  4218.2356
  24.2042  4333.5131  4231.1423 15.0247  4231.1423
  24.2643  4346.3615  4244.0414 15.0768  4244.0414
  24.3243  4359.2019  4256.9327 15.1290  4256.9327
  24.3844  4372.0343  4269.8163 15.1812  4269.8163
  24.4444  4384.8585  4282.6920 15.2333  4282.6920
  24.5045  4397.6747  4295.5599 15.2854  4295.5599
  24.5646  4410.4826  4308.4200 15.3375  4308.4200
  24.6246  4423.2824  4321.2721 15.3896  4321.2721
  24.6847  4436.0740  4334.1162 15.4416  4334.1162
  24.7447  4448.8573  4346.9524 15.4936  4346.9524
  24.8048  4461.6323  4359.7805 15.5456  4359.7805
  24.8649  4474.3990  4372.6006 15.5976  4372.6006
  24.9249  4487.1573  4385.4125 15.6496  4385.4125
  24.9850  4499.9072  4398.2164 15.7015  4398.2164
  25.0450  4512.6487  4411.0120 15.7534  4411.0120
  25.1051  4525.3818  4423.7995 15.8053  4423.7995
  25.1652  4538.1064  4436.5787 15.8572  4436.5787
  25.2252  4550.8225  4449.3497 15.9090  4449.3497
  25.2853  4563.5300  4462.1123 15.9609  4462.1123
  25.3453  4576.2289  4474.8667 16.0127  4474.8667
  25.4054  4588.9193  4487.6126 16.0644  4487.6126
  25.4655  4601.6010  4500.3502 16.1162  4500.3502
  25.5255  4614.2741  4513.0793 16.1679  4513.0793
  25.5856  4626.9384  4525.8000 16.2196  4525.8000
  25.6456  4639.5941  4538.5122 16.2713  4538.5122
  25.7057  4652.2410  4551.2159 16.3229  4551.2159
  25.7658  4664.8791  4563.9110 16.3745  4563.9110
  25.8258  4677.5085  4576.5975 16.4261  4576.5975
  25.8859  4690.1290  4589.2754 16.4777  4589.2754
  25.9459  4702.7406  4601.9447 16.5292  4601.9447
  26.0060  4715.3434  4614.6054 16.5808  4614.6054
  26.0661  4727.9373  4627.2573 16.6323  4627.2573
  26.1261  4740.5222  4639.9005 16.6837  4639.9005
  26.1862  4753.0982  4652.5350 16.7352  4652.5350
  26.2462  4765.6652  4665.1607 16.7866  4665.1607
  26.3063  4778.2232  4677.7776 16.8380  4677.7776
  26.3664  4790.7722  4690.3856 16.8893  4690.3856
  26.4264  4803.3121  4702.9848 16.9406  4702.9848
  26.4865  4815.8430  4715.5752 16.9919  4715.5752
  26.5465  4828.3647  4728.1566 17.0432  4728.1566
  26.6066  4840.8773  4740.7291 17.0945  4740.7291
  26.6667  4853.3808  4753.2926 17.1457  4753.2926
  26.7267  4865.8751  4765.8472 17.1969  4765.8472
  26.7868  4878.3602  4778.3927 17.2480  4778.3927
  26.8468  4890.8361  4790.9293 17.2991  4790.9293
  26.9069  4903.3028  4803.4567 17.3502  4803.4567
  26.9670  4915.7602  4815.9751 17.4013  4815.9751
  27.0270  4928.2084  4828.4844 17.4524  4828.4844
  27.0871  4940.6472  4840.9846 17.5034  4840.9846
  27.1471  4953.0767  4853.4756 17.5544  4853.4756
  27.2072  4965.4969  4865.9575 17.6053  4865.9575
  27.2673  4977.9077  4878.4302 17.6562  4878.4302
  27.3273  4990.3092  4890.8936 17.7071  4890.8936
  27.3874  5002.7012  4903.3479 17.7580  4903.3479
  27.4474  5015.0839  4915.7929 17.8088  4915.7929
  27.5075  5027.4571  4928.2286 17.8596  4928.2286
  27.5676  5039.8208  4940.6550 17.9104  4940.6550
  27.6276  5052.1751  4953.0721 17.9611  4953.0721
  27.6877  5064.5199  4965.4799 18.0118  4965.4799
  27.7477  5076.8552  4977.8783 18.0625  4977.8783
  27.8078  5089.1809  4990.2674 18.1132  4990.2674
  27.8679  5101.4971  5002.6470 18.1638  5002.6470
  27.9279  5113.8038  5015.0173 18.2144  5015.0173
  27.9880  5126.1009  5027.3781 18.2649  5027.3781
  28.0480  5138.3883  5039.7294 18.3154  5039.7294
  28.1081  5150.6662  5052.0713 18.3659  5052.0713
  28.1682  5162.9345  5064.4038 18.4164  5064.4038
  28.2282  5175.1930  5076.7267 18.4668  5076.7267
  28.2883  5187.4420  5089.0401 18.5172  5089.0401
  28.3483  5199.6813  5101.3440 18.5675  5101.3440
  28.4084  5211.9108  5113.6383 18.6179  5113.6383
  28.4685  5224.1307  5125.9230 18.6682  5125.9230
  28.5285  5236.3409  5138.1982 18.7184  5138.1982
  28.5886  5248.5413  5150.4637 18.7686  5150.4637
  28.6486  5260.7319  5162.7197 18.8188  5162.7197
  28.7087  5272.9128  5174.9660 18.8690  5174.9660
  28.7688  5285.0840  5187.2026 18.9191  5187.2026
  28.8288  5297.2453  5199.4296 18.9692  5199.4296
  28.8889  5309.3968  5211.6469 19.0193  5211.6469
  28.9489  5321.5386  5223.8545 19.0693  5223.8545
  29.0090  5333.6705  5236.0524 19.1193  5236.0524
  29.0691  5345.7925  5248.2406 19.1692  5248.2406
  29.1291  5357.9047  5260.4191 19.2192  5260.4191
  29.1892  5370.0071  5272.5878 19.2691  5272.5878
  29.2492  5382.0995  5284.7467 19.3189  5284.7467
  29.3093  5394.1821  5296.8958 19.3687  5296.8958
  29.3694  5406.2547  5309.0352 19.4185  5309.0352
  29.4294  5418.3175  5321.1647 19.4683  5321.1647
  29.4895  5430.3703  5333.2845 19.5180  5333.2845
  29.5495  5442.4131  5345.3944 19.5677  5345.3944
  29.6096  5454.4461  5357.4944 19.6173  5357.4944
  29.6697  5466.4690  5369.5846 19.6669  5369.5846
  29.7297  5478.4820  5381.6650 19.7165  5381.6650
  29.7898  5490.4850  5393.7354 19.7660  5393.7354
  29.8498  5502.4780  5405.7960 19.8155  5405.7960
  29.9099  5514.4610  5417.8466 19.8650  5417.8466
  29.9700  5526.4340  5429.8874 19.9144  5429.8874
  30.0300  5538.3970  5441.9182 19.9638  5441.9182
  30.0901  5550.3500  5453.9391 20.0132  5453.9391
  30.1502  5562.2929  5465.9500 20.0625  5465.9500
  30.2102  5574.2257  5477.9510 20.1118  5477.9510
  30.2703  5586.1485  5489.9420 20.1610  5489.9420
  30.3303  5598.0612  5501.9230 20.2103  5501.9230
  30.3904  5609.9639  5513.8941 20.2594  5513.8941
  30.4505  5621.8564  5525.8551 20.3086  5525.8551
  30.5105  5633.7389  5537.8061 20.3577  5537.8061
  30.5706  5645.6112  5549.7471 20.4068  5549.7471
  30.6306  5657.4735  5561.6781 20.4558  5561.6781
  30.6907  5669.3256  5573.5991 20.5048  5573.5991
  30.7508  5681.1676  5585.5100 20.5538  5585.5100
  30.8108  5692.9995  5597.4108 20.6027  5597.4108
  30.8709  5704.8212  5609.3016 20.6516  5609.3016
  30.9309  5716.6328  5621.1823 20.7004  5621.1823
  30.9910  5728.4342  5633.0530 20.7492  5633.0530
  31.0511  5740.2254  5644.9135 20.7980  5644.9135
  31.1111  5752.0065  5656.7640 20.8467  5656.7640
  31.1712  5763.7774  5668.6043 20.8954  5668.6043
  31.2312  5775.5381  5680.4345 20.9441  5680.4345
  31.2913  5787.2886  5692.2546 20.9927  5692.2546
  31.3514  5799.0290  5704.0646 21.0413  5704.0646
  31.4114  5810.7591  5715.8645 21.0899  5715.8645
  31.4715  5822.4790  5727.6542 21.1384  5727.6542
  31.5315  5834.1887  5739.4338 21.1869  5739.4338
  31.5916  5845.8882  5751.2032 21.2353  5751.2032
  31.6517  5857.5775  5762.9624 21.2837  5762.9624
  31.7117  5869.2565  5774.7115 21.3321  5774.7115
  31.7718  5880.9253  5786.4504 21.3804  5786.4504
  31.8318  5892.5838  5798.1792 21.4287  5798.1792
  31.8919  5904.2321  5809.8977 21.4769  5809.8977
  31.9520  5915.8702  5821.6060 21.5251  5821.6060
  32.0120  5927.4980  5833.3042 21.5733  5833.3042
  32.0721  5939.1155  5844.9922 21.6214  5844.9922
  32.1321  5950.7228  5856.6699 21.6695  5856.6699
  32.1922  5962.3198  5868.3374 21.7176  5868.3374
  32.2523  5973.9065  5879.9947 21.7656  5879.9947
  32.3123  5985.4830  5891.6418 21.8136  5891.6418
  32.3724  5997.0492  5903.2787 21.8615  5903.2787
  32.4324  6008.6050  5914.9053 21.9094  5914.9053
  32.4925  6020.1506  5926.5217 21.9573  5926.5217
  32.5526  6031.6859  5938.1278 22.0051  5938.1278
  32.6126  6043.2109  5949.7237 22.0529  5949.7237
  32.6727  6054.7256  5961.3093 22.1006  5961.3093
  32.7327  6066.2300  5972.8847 22.1484  5972.8847
  32.7928  6077.7241  5984.4499 22.1960  5984.4499
  32.8529  6089.2079  5996.0047 22.2437  5996.0047
  32.9129  6100.6814  6007.5493 22.2912  6007.5493
  32.9730  6112.1445  6019.0836 22.3388  6019.0836
  33.0330  6123.5974  6030.6077 22.3863  6030.6077
  33.0931  6135.0399  6042.1214 22.4338  6042.1214
  33.1532  6146.4721  6053.6249 22.4812  6053.6249
  33.2132  6157.8940  6065.1181 22.5286  6065.1181
  33.2733  6169.3055  6076.6010 22.5760  6076.6010
  33.3333  6180.7067  6088.0737 22.6233  6088.0737
  33.3934  6192.0976  6099.5360 22.6706  6099.5360
  33.4535  6203.4782  6110.9880 22.7178  6110.9880
  33.5135  6214.8484  6122.4298 22.7650  6122.4298
  33.5736  6226.2083  6133.8612 22.8122  6133.8612
  33.6336  6237.5578  6145.2823 22.8593  6145.2823
  33.6937  6248.8970  6156.6932 22.9064  6156.6932
  33.7538  6260.2259  6168.0937 22.9534  6168.0937
  33.8138  6271.5444  6179.4839 23.0004  6179.4839
  33.8739  6282.8526  6190.8638 23.0474  6190.8638
  33.9339  6294.1505  6202.2334 23.0943  6202.2334
  33.9940  6305.4380  6213.5926 23.1412  6213.5926
  34.0541  6316.7151  6224.9416 23.1880  6224.9416
  34.1141  6327.9819  6236.2802 23.2348  6236.2802
  34.1742  6339.2384  6247.6085 23.2816  6247.6085
  34.2342  6350.4845  6258.9265 23.3283  6258.9265
  34.2943  6361.7202  6270.2342 23.3750  6270.2342
  34.3544  6372.9456  6281.5315 23.4216  6281.5315
  34.4144  6384.1607  6292.8185 23.4682  6292.8185
  34.4745  6395.3654  6304.0952 23.5148  6304.0952
  34.5345  6406.5598  6315.3616 23.5613  6315.3616
  34.5946  6417.7438  6326.6177 23.6078  6326.6177
  34.6547  6428.9174  6337.8634 23.6542  6337.8634
  34.7147  6440.0808  6349.0988 23.7006  6349.0988
  34.7748  6451.2337  6360.3238 23.7470  6360.3238
  34.8348  6462.3763  6371.5385 23.7933  6371.5385
  34.8949  6473.5086  6382.7429 23.8396  6382.7429
  34.9550  6484.6305  6393.9370 23.8859  6393.9370
  35.0150  6495.7421  6405.1208 23.9321  6405.1208
  35.0751  6506.8434  6416.2942 23.9782  6416.2942
  35.1351  6517.9342  6427.4572 24.0243  6427.4572
  35.1952  6529.0148  6438.6100 24.0704  6438.6100
  35.2553  6540.0850  6449.7524 24.1165  6449.7524
  35.3153  6551.1448  6460.8845 24.1625  6460.8845
  35.3754  6562.1944  6472.0063 24.2084  6472.0063
  35.4354  6573.2335  6483.1177 24.2543  6483.1177
  35.4955  6584.2624  6494.2189 24.3002  6494.2189
  35.5556  6595.2809  6505.3096 24.3461  6505.3096
  35.6156  6606.2890  6516.3901 24.3919  6516.3901
  35.6757  6617.2869  6527.4602 24.4376  6527.4602
  35.7357  6628.2744  6538.5201 24.4833  6538.5201
  35.7958  6639.2515  6549.5696 24.5290  6549.5696
  35.8559  6650.2184  6560.6087 24.5746  6560.6087
  35.9159  6661.1749  6571.6376 24.6202  6571.6376
  35.9760  6672.1211  6582.6561 24.6658  6582.6561
  36.0360  6683.0569  6593.6643 24.7113  6593.6643
  36.0961  6693.9825  6604.6622 24.7568  6604.6622
  36.1562  6704.8977  6615.6498 24.8022  6615.6498
  36.2162  6715.8026  6626.6271 24.8476  6626.6271
  36.2763  6726.6971  6637.5941 24.8930  6637.5941
  36.3363  6737.5814  6648.5507 24.9383  6648.5507
  36.3964  6748.4554  6659.4971 24.9836  6659.4971
  36.4565  6759.3190  6670.4331 25.0288  6670.4331
  36.5165  6770.1724  6681.3588 25.0740  6681.3588
  36.5766  6781.0154  6692.2743 25.1191  6692.2743
  36.6366  6791.8481  6703.1794 25.1642  6703.1794
  36.6967  6802.6706  6714.0743 25.2093  6714.0743
  36.7568  6813.4827  6724.9588 25.2543  6724.9588
  36.8168  6824.2846  6735.8330 25.2993  6735.8330
  36.8769  6835.0761  6746.6970 25.3443  6746.6970
  36.9369  6845.8574  6757.5507 25.3892  6757.5507
  36.9970  6856.6284  6768.3940 25.4340  6768.3940
  37.0571  6867.3891  6779.2271 25.4789  6779.2271
  37.1171  6878.1395  6790.0500 25.5236  6790.0500
  37.1772  6888.8797  6800.8625 25.5684  6800.8625
  37.2372  6899.6095  6811.6648 25.6131  6811.6648
  37.2973  6910.3291  6822.4568 25.6577  6822.4568
  37.3574  6921.0385  6833.2385 25.7024  6833.2385
  37.4174  6931.7376  6844.0099 25.7469  6844.0099
  37.4775  6942.4264  6854.7711 25.7915  6854.7711
  37.5375  6953.1050  6865.5221 25.8360  6865.5221
  37.5976  6963.7733  6876.2627 25.8804  6876.2627
  37.6577  6974.4313  6886.9931 25.9248  6886.9931
  37.7177  6985.0792  6897.7133 25.9692  6897.7133
  37.7778  6995.7167  6908.4232 26.0136  6908.4232
  37.8378  7006.3441  6919.1229 26.0578  6919.1229
  37.8979  7016.9612  6929.8123 26.1021  6929.8123
  37.9580  7027.5681  6940.4915 26.1463  6940.4915
  38.0180  7038.1647  6951.1605 26.1905  6951.1605
  38.0781  7048.7512  6961.8192 26.2346  6961.8192
  38.1381  7059.3274  6972.4677 26.2787  6972.4677
  38.1982  7069.8934  6983.1060 26.3228  6983.1060
  38.2583  7080.4492  6993.7340 26.3668  6993.7340
  38.3183  7090.9948  7004.3519 26.4107  7004.3519
  38.3784  7101.5302  7014.9595 26.4547  7014.9595
  38.4384  7112.0554  7025.5569 26.4985  7025.5569
  38.4985  7122.5704  7036.1441 26.5424  7036.1441
  38.5586  7133.0752  7046.7212 26.5862  7046.7211
  38.6186  7143.5699  7057.2880 26.6299  7057.2880
  38.6787  7154.0543  7067.8446 26.6737  7067.8446
  38.7387  7164.5286  7078.3910 26.7174  7078.3910
  38.7988  7174.9927  7088.9273 26.7610  7088.9273
  38.8589  7185.4467  7099.4533 26.8046  7099.4533
  38.9189  7195.8904  7109.9692 26.8482  7109.9692
  38.9790  7206.3241  7120.4750 26.8917  7120.4750
  39.0390  7216.7476  7130.9705 26.9351  7130.9705
  39.0991  7227.1609  7141.4559 26.9786  7141.4559
  39.1592  7237.5641  7151.9312 27.0220  7151.9312
  39.2192  7247.9572  7162.3962 27.0653  7162.3962
  39.2793  7258.3401  7172.8512 27.1087  7172.8512
  39.3393  7268.7129  7183.2960 27.1519  7183.2960
  39.3994  7279.0756  7193.7306 27.1952  7193.7306
  39.4595  7289.4281  7204.1551 27.2384  7204.1551
  39.5195  7299.7706  7214.5695 27.2815  7214.5695
  39.5796  7310.1029  7224.9737 27.3246  7224.9738
  39.6396  7320.4252  7235.3679 27.3677  7235.3679
  39.6997  7330.7373  7245.7519 27.4107  7245.7519
  39.7598  7341.0394  7256.1258 27.4537  7256.1258
  39.8198  7351.3314  7266.4896 27.4967  7266.4896
  39.8799  7361.6133  7276.8433 27.5396  7276.8433
  39.9399  7371.8851  7287.1869 27.5824  7287.1869
  40.0000  7382.1468  7297.5204 27.6253  7297.5204
  40.0601  7392.3985  7307.8439 27.6680  7307.8439
  40.1201  7402.6401  7318.1572 27.7108  7318.1572
  40.1802  7412.8717  7328.4605 27.7535  7328.4605
  40.2402  7423.0933  7338.7537 27.7962  7338.7537
  40.3003  7433.3047  7349.0368 27.8388  7349.0368
  40.3604  7443.5062  7359.3099 27.8814  7359.3099
  40.4204  7453.6976  7369.5729 27.9239  7369.5729
  40.4805  7463.8790  7379.8259 27.9664  7379.8259
  40.5405  7474.0504  7390.0688 28.0089  7390.0688
  40.6006  7484.2117  7400.3017 28.0513  7400.3017
  40.6607  7494.3631  7410.5245 28.0937  7410.5245
  40.7207  7504.5044  7420.7373 28.1360  7420.7374
  40.7808  7514.6358  7430.9401 28.1783  7430.9402
  40.8408  7524.7571  7441.1329 28.2206  7441.1329
  40.9009  7534.8685  7451.3157 28.2628  7451.3157
  40.9610  7544.9699  7461.4885 28.3050  7461.4885
  41.0210  7555.0613  7471.6512 28.3471  7471.6513
  41.0811  7565.1428  7481.8040 28.3892  7481.8040
  41.1411  7575.2143  7491.9468 28.4312  7491.9468
  41.2012  7585.2759  7502.0796 28.4733  7502.0796
  41.2613  7595.3274  7512.2024 28.5152  7512.2025
  41.3213  7605.3691  7522.3153 28.5572  7522.3153
  41.3814  7615.4008  7532.4182 28.5991  7532.4182
  41.4414  7625.4226  7542.5111 28.6409  7542.5111
  41.5015  7635.4345  7552.5941 28.6827  7552.5941
  41.5616  7645.4364  7562.6671 28.7245  7562.6672
  41.6216  7655.4284  7572.7302 28.7662  7572.7303
  41.6817  7665.4106  7582.7834 28.8079  7582.7834
  41.7417  7675.3828  7592.8266 28.8496  7592.8266
  41.8018  7685.3451  7602.8599 28.8912  7602.8599
  41.8619  7695.2976  7612.8833 28.9328  7612.8833
  41.9219  7705.2402  7622.8968 28.9743  7622.8968
  41.9820  7715.1729  7632.9004 29.0158  7632.9004
  42.0420  7725.0957  7642.8940 29.0573  7642.8941
  42.1021  7735.0087  7652.8778 29.0987  7652.8778
  42.1622  7744.9118  7662.8517 29.1400  7662.8517
  42.2222  7754.8050  7672.8157 29.1814  7672.8158
  42.2823  7764.6885  7682.7699 29.2227  7682.7699
  42.3423  7774.5621  7692.7142 29.2639  7692.7142
  42.4024  7784.4258  7702.6486 29.3051  7702.6486
  42.4625  7794.2798  7712.5731 29.3463  7712.5731
  42.5225  7804.1239  7722.4879 29.3874  7722.4879
  42.5826  7813.9582  7732.3927 29.4285  7732.3927
  42.6426  7823.7827  7742.2878 29.4696  7742.2878
  42.7027  7833.5975  7752.1730 29.5106  7752.1730
  42.7628  7843.4024  7762.0484 29.5515  7762.0484
  42.8228  7853.1975  7771.9139 29.5925  7771.9139
  42.8829  7862.9829  7781.7697 29.6334  7781.7697
  42.9429  7872.7585  7791.6156 29.6742  7791.6156
  43.0030  7882.5244  7801.4518 29.7150  7801.4518
  43.0631  7892.2805  7811.2782 29.7558  7811.2782
  43.1231  7902.0268  7821.0948 29.7965  7821.0948
  43.1832  7911.7634  7830.9016 29.8372  7830.9016
  43.2432  7921.4903  7840.6986 29.8779  7840.6986
  43.3033  7931.2074  7850.4859 29.9185  7850.4859
  43.3634  7940.9149  7860.2634 29.9591  7860.2634
  43.4234  7950.6126  7870.0312 29.9996  7870.0312
  43.4835  7960.3006  7879.7893 30.0401  7879.7892
  43.5435  7969.9789  7889.5376 30.0805  7889.5375
  43.6036  7979.6475  7899.2761 30.1210  7899.2761
  43.6637  7989.3064  7909.0050 30.1613  7909.0050
  43.7237  7998.9557  7918.7241 30.2017  7918.7241
  43.7838  8008.5953  7928.4335 30.2420  7928.4335
  43.8438  8018.2252  7938.1333 30.2822  7938.1332
  43.9039  8027.8455  7947.8233 30.3224  7947.8233
  43.9640  8037.4561  7957.5036 30.3626  7957.5036
  44.0240  8047.0570  7967.1743 30.4027  7967.1743
  44.0841  8056.6484  7976.8353 30.4428  7976.8352
  44.1441  8066.2301  7986.4866 30.4829  7986.4866
  44.2042  8075.8022  7996.1282 30.5229  7996.1282
  44.2643  8085.3646  8005.7602 30.5629  8005.7602
  44.3243  8094.9175  8015.3826 30.6028  8015.3826
  44.3844  8104.4607  8024.9953 30.6427  8024.9953
  44.4444  8113.9944  8034.5984 30.6826  8034.5984
  44.5045  8123.5185  8044.1919 30.7224  8044.1919
  44.5646  8133.0330  8053.7757 30.7622  8053.7757
  44.6246  8142.5379  8063.3500 30.8019  8063.3499
  44.6847  8152.0333  8072.9146 30.8416  8072.9146
  44.7447  8161.5191  8082.4696 30.8813  8082.4696
  44.8048  8170.9954  8092.0151 30.9209  8092.0151
  44.8649  8180.4621  8101.5510 30.9605  8101.5509
  44.9249  8189.9193  8111.0773 31.0001  8111.0772
  44.9850  8199.3670  8120.5940 31.0396  8120.5939
  45.0450  8208.8051  8130.1011 31.0790  8130.1011
  45.1051  8218.2337  8139.5988 31.1185  8139.5987
  45.1652  8227.6529  8149.0868 31.1578  8149.0868
  45.2252  8237.0625  8158.5653 31.1972  8158.5653
  45.2853  8246.4626  8168.0343 31.2365  8168.0343
  45.3453  8255.8533  8177.4938 31.2758  8177.4938
  45.4054  8265.2345  8186.9438 31.3150  8186.9437
  45.4655  8274.6062  8196.3842 31.3542  8196.3842
  45.5255  8283.9684  8205.8152 31.3934  8205.8151
  45.5856  8293.3212  8215.2366 31.4325  8215.2366
  45.6456  8302.6646  8224.6486 31.4716  8224.6485
  45.7057  8311.9985  8234.0511 31.5106  8234.0510
  45.7658  8321.3230  8243.4441 31.5496  8243.4440
  45.8258  8330.6381  8252.8276 31.5886  8252.8276
  45.8859  8339.9437  8262.2017 31.6275  8262.2017
  45.9459  8349.2400  8271.5663 31.6664  8271.5663
  46.0060  8358.5268  8280.9215 31.7052  8280.9215
  46.0661  8367.8043  8290.2673 31.7440  8290.2672
  46.1261  8377.0723  8299.6036 31.7828  8299.6036
  46.1862  8386.3310  8308.9305 31.8215  8308.9305
  46.2462  8395.5804  8318.2480 31.8602  8318.2480
  46.3063  8404.8203  8327.5561 31.8989  8327.5561
  46.3664  8414.0509  8336.8548 31.9375  8336.8548
  46.4264  8423.2722  8346.1441 31.9760  8346.1441
  46.4865  8432.4841  8355.4241 32.0146  8355.4240
  46.5465  8441.6867  8364.6946 32.0531  8364.6946
  46.6066  8450.8800  8373.9558 32.0915  8373.9557
  46.6667  8460.0639  8383.2076 32.1300  8383.2076
  46.7267  8469.2385  8392.4501 32.1683  8392.4500
  46.7868  8478.4039  8401.6832 32.2067  8401.6831
  46.8468  8487.5599  8410.9070 32.2450  8410.9069
  46.9069  8496.7067  8420.1214 32.2833  8420.1214
  46.9670  8505.8442  8429.3266 32.3215  8429.3265
  47.0270  8514.9724  8438.5224 32.3597  8438.5223
  47.0871  8524.0913  8447.7089 32.3978  8447.7089
  47.1471  8533.2010  8456.8861 32.4359  8456.8861
  47.2072  8542.3015  8466.0540 32.4740  8466.0540
  47.2673  8551.3927  8475.2127 32.5121  8475.2126
  47.3273  8560.4747  8484.3620 32.5501  8484.3620
  47.3874  8569.5474  8493.5021 32.5880  8493.5021
  47.4474  8578.6110  8502.6330 32.6259  8502.6329
  47.5075  8587.6653  8511.7545 32.6638  8511.7545
  47.5676  8596.7104  8520.8669 32.7017  8520.8668
  47.6276  8605.7464  8529.9700 32.7395  8529.9699
  47.6877  8614.7731  8539.0638 32.7773  8539.0638
  47.7477  8623.7907  8548.1485 32.8150  8548.1484
  47.8078  8632.7991  8557.2239 32.8527  8557.2238
  47.8679  8641.7983  8566.2901 32.8903  8566.2900
  47.9279  8650.7884  8575.3471 32.9280  8575.3471
  47.9880  8659.7694  8584.3950 32.9655  8584.3949
  48.0480  8668.7412  8593.4336 33.0031  8593.4335
  48.1081  8677.7039  8602.4631 33.0406  8602.4630
  48.1682  8686.6574  8611.4834 33.0781  8611.4833
  48.2282  8695.6019  8620.4945 33.1155  8620.4944
  48.2883  8704.5372  8629.4965 33.1529  8629.4964
  48.3483  8713.4635  8638.4893 33.1902  8638.4893
  48.4084  8722.3806  8647.4730 33.2276  8647.4730
  48.4685  8731.2887  8656.4476 33.2648  8656.4475
  48.5285  8740.1877  8665.4131 33.3021  8665.4130
  48.5886  8749.0776  8674.3694 33.3393  8674.3693
  48.6486  8757.9585  8683.3166 33.3765  8683.3166
  48.7087  8766.8303  8692.2548 33.4136  8692.2547
  48.7688  8775.6931  8701.1838 33.4507  8701.1837
  48.8288  8784.5468  8710.1038 33.4877  8710.1037
  48.8889  8793.3915  8719.0147 33.5247  8719.0146
  48.9489  8802.2272  8727.9165 33.5617  8727.9164
  49.0090  8811.0539  8736.8092 33.5987  8736.8092
  49.0691  8819.8716  8745.6929 33.6356  8745.6929
  49.1291  8828.6802  8754.5676 33.6724  8754.5675
  49.1892  8837.4799  8763.4332 33.7093  8763.4332
  49.2492  8846.2706  8772.2898 33.7461  8772.2898
  49.3093  8855.0524  8781.1374 33.7828  8781.1374
  49.3694  8863.8252  8789.9760 33.8196  8789.9759
  49.4294  8872.5890  8798.8056 33.8562  8798.8055
  49.4895  8881.3439  8807.6261 33.8929  8807.6261
  49.5495  8890.0898  8816.4377 33.9295  8816.4377
  49.6096  8898.8268  8825.2403 33.9661  8825.2403
  49.6697  8907.5549  8834.0339 34.0026  8834.0339
  49.7297  8916.2740  8842.8186 34.0391  8842.8186
  49.7898  8924.9843  8851.5943 34.0756  8851.5943
  49.8498  8933.6856  8860.3611 34.1120  8860.3610
  49.9099  8942.3781  8869.1189 34.1484  8869.1188
  49.9700  8951.0616  8877.8678 34.1847  8877.8677
  50.0300  8959.7363  8886.6077 34.2210  8886.6077
  50.0901  8968.4022  8895.3388 34.2573  8895.3387
  50.1502  8977.0591  8904.0609 34.2935  8904.0609
  50.2102  8985.7072  8912.7741 34.3297  8912.7741
  50.2703  8994.3465  8921.4785 34.3659  8921.4784
  50.3303  9002.9769  8930.1739 34.4020  8930.1739
  50.3904  9011.5985  8938.8605 34.4381  8938.8605
  50.4505  9020.2113  8947.5382 34.4742  8947.5382
  50.5105  9028.8153  8956.2071 34.5102  8956.2070
  50.5706  9037.4105  8964.8670 34.5462  8964.8670
  50.6306  9045.9968  8973.5182 34.5821  8973.5181
  50.6907  9054.5744  8982.1605 34.6180  8982.1605
  50.7508  9063.1432  8990.7940 34.6539  8990.7939
  50.8108  9071.7032  8999.4186 34.6898  8999.4186
  50.8709  9080.2545  9008.0345 34.7256  9008.0344
  50.9309  9088.7970  9016.6415 34.7613  9016.6415
  50.9910  9097.3307  9025.2397 34.7971  9025.2397
  51.0511  9105.8558  9033.8292 34.8327  9033.8291
  51.1111  9114.3720  9042.4099 34.8684  9042.4098
  51.1712  9122.8796  9050.9817 34.9040  9050.9817
  51.2312  9131.3784  9059.5449 34.9396  9059.5448
  51.2913  9139.8686  9068.0992 34.9751  9068.0992
  51.3514  9148.3500  9076.6448 35.0107  9076.6448
  51.4114  9156.8227  9085.1817 35.0461  9085.1817
  51.4715  9165.2868  9093.7098 35.0816  9093.7098
  51.5315  9173.7422  9102.2293 35.1170  9102.2292
  51.5916  9182.1889  9110.7399 35.1523  9110.7399
  51.6517  9190.6269  9119.2419 35.1877  9119.2419
  51.7117  9199.0563  9127.7352 35.2230  9127.7352
  51.7718  9207.4770  9136.2198 35.2582  9136.2197
  51.8318  9215.8891  9144.6957 35.2934  9144.6956
  51.8919  9224.2926  9153.1629 35.3286  9153.1629
  51.9520  9232.6875  9161.6214 35.3638  9161.6214
  52.0120  9241.0737  9170.0713 35.3989  9170.0713
  52.0721  9249.4514  9178.5126 35.4340  9178.5125
  52.1321  9257.8204  9186.9451 35.4690  9186.9451
  52.1922  9266.1809  9195.3691 35.5040  9195.3690
  52.2523  9274.5327  9203.7844 35.5390  9203.7844
  52.3123  9282.8760  9212.1911 35.5739  9212.1910
  52.3724  9291.2108  9220.5892 35.6088  9220.5891
  52.4324  9299.5369  9228.9786 35.6437  9228.9786
  52.4925  9307.8546  9237.3595 35.6785  9237.3594
  52.5526  9316.1637  9245.7318 35.7133  9245.7317
  52.6126  9324.4642  9254.0955 35.7481  9254.0954
  52.6727  9332.7562  9262.4506 35.7828  9262.4505
  52.7327  9341.0398  9270.7971 35.8175  9270.7971
  52.7928  9349.3148  9279.1351 35.8521  9279.1351
  52.8529  9357.5813  9287.4646 35.8868  9287.4645
  52.9129  9365.8393  9295.7854 35.9213  9295.7854
  52.9730  9374.0888  9304.0978 35.9559  9304.0978
  53.0330  9382.3298  9312.4016 35.9904  9312.4016
  53.0931  9390.5624  9320.6969 36.0249  9320.6969
  53.1532  9398.7865  9328.9837 36.0593  9328.9837
  53.2132  9407.0022  9337.2620 36.0937  9337.2620
  53.2733  9415.2094  9345.5318 36.1281  9345.5318
  53.3333  9423.4082  9353.7932 36.1624  9353.7931
  53.3934  9431.5985  9362.0460 36.1967  9362.0460
  53.4535  9439.7805  9370.2904 36.2310  9370.2903
  53.5135  9447.9540  9378.5262 36.2652  9378.5262
  53.5736  9456.1191  9386.7537 36.2994  9386.7537
  53.6336  9464.2758  9394.9727 36.3336  9394.9726
  53.6937  9472.4241  9403.1832 36.3677  9403.1832
  53.7538  9480.5640  9411.3854 36.4018  9411.3853
  53.8138  9488.6956  9419.5791 36.4358  9419.5790
  53.8739  9496.8188  9427.7643 36.4699  9427.7643
  53.9339  9504.9337  9435.9412 36.5038  9435.9412
  53.9940  9513.0402  9444.1097 36.5378  9444.1096
  54.0541  9521.1383  9452.2698 36.5717  9452.2697
  54.1141  9529.2281  9460.4214 36.6056  9460.4214
  54.1742  9537.3096  9468.5648 36.6394  9468.5647
  54.2342  9545.3828  9476.6997 36.6733  9476.6997
  54.2943  9553.4476  9484.8263 36.7070  9484.8263
  54.3544  9561.5042  9492.9445 36.7408  9492.9445
  54.4144  9569.5525  9501.0544 36.7745  9501.0544
  54.4745  9577.5925  9509.1560 36.8082  9509.1559
  54.5345  9585.6242  9517.2492 36.8418  9517.2492
  54.5946  9593.6476  9525.3341 36.8754  9525.3341
  54.6547  9601.6628  9533.4107 36.9090  9533.4107
  54.7147  9609.6697  9541.4790 36.9425  9541.4789
  54.7748  9617.6683  9549.5390 36.9760  9549.5389
  54.8348  9625.6588  9557.5907 37.0095  9557.5906
  54.8949  9633.6410  9565.6341 37.0429  9565.6340
  54.9550  9641.6149  9573.6692 37.0763  9573.6692
  55.0150  9649.5807  9581.6961 37.1097  9581.6961
  55.0751  9657.5383  9589.7147 37.1430  9589.7147
  55.1351  9665.4876  9597.7251 37.1763  9597.7251
  55.1952  9673.4288  9605.7272 37.2096  9605.7272
  55.2553  9681.3618  9613.7211 37.2428  9613.7211
  55.3153  9689.2866  9621.7068 37.2760  9621.7067
  55.3754  9697.2032  9629.6842 37.3091  9629.6842
  55.4354  9705.1117  9637.6535 37.3423  9637.6534
  55.4955  9713.0120  9645.6145 37.3753  9645.6145
  55.5556  9720.9042  9653.5673 37.4084  9653.5673
  55.6156  9728.7882  9661.5120 37.4414  9661.5120
  55.6757  9736.6641  9669.4485 37.4744  9669.4484
  55.7357  9744.5319  9677.3768 37.5074  9677.3767
  55.7958  9752.3916  9685.2969 37.5403  9685.2969
  55.8559  9760.2432  9693.2089 37.5732  9693.2089
  55.9159  9768.0867  9701.1127 37.6060  9701.1127
  55.9760  9775.9221  9709.0084 37.6389  9709.0084
  56.0360  9783.7494  9716.8960 37.6716  9716.8960
  56.0961  9791.5686  9724.7754 37.7044  9724.7754
  56.1562  9799.3798  9732.6468 37.7371  9732.6467
  56.2162  9807.1829  9740.5100 37.7698  9740.5099
  56.2763  9814.9780  9748.3651 37.8025  9748.3651
  56.3363  9822.7650  9756.2121 37.8351  9756.2121
  56.3964  9830.5440  9764.0511 37.8677  9764.0510
  56.4565  9838.3150  9771.8819 37.9002  9771.8819
  56.5165  9846.0779  9779.7047 37.9327  9779.7047
  56.5766  9853.8329  9787.5194 37.9652  9787.5194
  56.6366  9861.5798  9795.3261 37.9977  9795.3261
  56.6967  9869.3187  9803.1248 38.0301  9803.1247
  56.7568  9877.0497  9810.9153 38.0625  9810.9153
  56.8168  9884.7727  9818.6979 38.0948  9818.6979
  56.8769  9892.4877  9826.4725 38.1271  9826.4724
  56.9369  9900.1947  9834.2390 38.1594  9834.2389
  56.9970  9907.8938  9841.9975 38.1917  9841.9975
  57.0571  9915.5849  9849.7480 38.2239  9849.7480
  57.1171  9923.2681  9857.4906 38.2561  9857.4905
  57.1772  9930.9434  9865.2251 38.2882  9865.2251
  57.2372  9938.6107  9872.9517 38.3203  9872.9516
  57.2973  9946.2701  9880.6703 38.3524  9880.6702
  57.3574  9953.9216  9888.3809 38.3845  9888.3809
  57.4174  9961.5653  9896.0836 38.4165  9896.0836
  57.4775  9969.2010  9903.7784 38.4485  9903.7783
  57.5375  9976.8288  9911.4652 38.4804  9911.4651
  57.5976  9984.4488  9919.1441 38.5124  9919.1440
  57.6577  9992.0608  9926.8150 38.5442  9926.8150
  57.7177  9999.6651  9934.4781 38.5761  9934.4780
  57.7778 10007.2614  9942.1332 38.6079  9942.1332
  57.8378 10014.8499  9949.7804 38.6397  9949.7804
  57.8979 10022.4306  9957.4198 38.6715  9957.4198
  57.9580 10030.0035  9965.0513 38.7032  9965.0512
  58.0180 10037.5685  9972.6749 38.7349  9972.6748
  58.0781 10045.1257  9980.2906 38.7665  9980.2906
  58.1381 10052.6751  9987.8985 38.7982  9987.8984
  58.1982 10060.2167  9995.4985 38.8298  9995.4984
  58.2583 10067.7505 10003.0907 38.8613 10003.0906
  58.3183 10075.2765 10010.6750 38.8929 10010.6750
  58.3784 10082.7947 10018.2515 38.9244 10018.2515
  58.4384 10090.3052 10025.8202 38.9558 10025.8202
  58.4985 10097.8079 10033.3811 38.9873 10033.3810
  58.5586 10105.3029 10040.9341 39.0186 10040.9341
  58.6186 10112.7901 10048.4794 39.0500 10048.4794
  58.6787 10120.2695 10056.0169 39.0814 10056.0169
  58.7387 10127.7413 10063.5466 39.1127 10063.5466
  58.7988 10135.2053 10071.0685 39.1439 10071.0685
  58.8589 10142.6616 10078.5827 39.1752 10078.5826
  58.9189 10150.1102 10086.0891 39.2064 10086.0890
  58.9790 10157.5510 10093.5877 39.2375 10093.5877
  59.0390 10164.9842 10101.0786 39.2687 10101.0786
  59.0991 10172.4097 10108.5618 39.2998 10108.5618
  59.1592 10179.8276 10116.0372 39.3309 10116.0372
  59.2192 10187.2377 10123.5050 39.3619 10123.5049
  59.2793 10194.6402 10130.9650 39.3929 10130.9649
  59.3393 10202.0350 10138.4173 39.4239 10138.4172
  59.3994 10209.4222 10145.8619 39.4549 10145.8618
  59.4595 10216.8018 10153.2988 39.4858 10153.2987
  59.5195 10224.1737 10160.7280 39.5167 10160.7280
  59.5796 10231.5380 10168.1496 39.5475 10168.1495
  59.6396 10238.8947 10175.5634 39.5783 10175.5634
  59.6997 10246.2437 10182.9697 39.6091 10182.9696
  59.7598 10253.5852 10190.3682 39.6399 10190.3682
  59.8198 10260.9191 10197.7592 39.6706 10197.7591
  59.8799 10268.2453 10205.1424 39.7013 10205.1424
  59.9399 10275.5640 10212.5181 39.7320 10212.5181
  60.0000 10282.8752 10219.8861 39.7626 10219.8861
