     time       11         10         00         01
   0.0000   0.0000     0.0000     0.0000     0.0000
   0.0601   0.0000     0.0000     0.0000     0.0000
   0.1201   0.0005     0.0005     0.0005     0.0005
   0.1802   0.0037     0.0037     0.0037     0.0037
   0.2402   0.0147     0.0147     0.0147     0.0147
   0.3003   0.0416     0.0417     0.0418     0.0417
   0.3604   0.0951     0.0955     0.0958     0.0955
   0.4204   0.1871     0.1881     0.1892     0.1881
   0.4805   0.3297     0.3322     0.3348     0.3322
   0.5405   0.5343     0.5399     0.5455     0.5399
   0.6006   0.8113     0.8222     0.8331     0.8222
   0.6607   1.1694     1.1890     1.2086     1.1890
   0.7207   1.6161     1.6491     1.6820     1.6491
   0.7808   2.1578     2.2102     2.2622     2.2102
   0.8408   2.7995     2.8790     2.9574     2.8790
   0.9009   3.5457     3.6613     3.7752     3.6613
   0.9610   4.3997     4.5625     4.7222     4.5625
   1.0210   5.3645     5.5872     5.8047     5.5872
   1.0811   6.4423     6.7395     7.0282     6.7395
   1.1411   7.6350     8.0231     8.3978     8.0231
   1.2012   8.9439     9.4410     9.9178     9.4410
   1.2613  10.3700    10.9960    11.5920    10.9960
   1.3213  11.9138    12.6904    13.4237    12.6904
   1.3814  13.5757    14.5263    15.4153    14.5263
   1.4414  15.3556    16.5050    17.5688    16.5050
   1.5015  17.2533    18.6279    19.8853    18.6279
   1.5616  19.2680    20.8958    22.3652    20.8958
   1.6216  21.3990    23.3091    25.0083    23.3091
   1.6817  23.6453    25.8681    27.8135    25.8681
   1.7417  26.0057    28.5725    30.7792    28.5725
   1.8018  28.4786    31.4219    33.9029    31.4219
   1.8619  31.0626    34.4156    37.1817    34.4156
   1.9219  33.7557    37.5524    40.6121    37.5524
   1.9820  36.5562    40.8311    44.1904    40.8311
   2.0420  39.4619    44.2501    47.9124    44.2501
   2.1021  42.4706    47.8078    51.7740    47.8078
   2.1622  45.5799    51.5021    55.7710    51.5021
   2.2222  48.7875    55.3311    59.8994    55.3311
   2.2823  52.0907    59.2925    64.1555    59.2925
   2.3423  55.4869    63.3840    68.5358    63.3840
   2.4024  58.9733    67.6033    73.0370    67.6033
   2.4625  62.5469    71.9479    77.6562    71.9479
   2.5225  66.2047    76.4157    82.3907    76.4157
   2.5826  69.9437    81.0040    87.2382    81.0040
   2.6426  73.7605    85.7108    92.1965    85.7108
   2.7027  77.6519    90.5336    97.2635    90.5336
   2.7628  81.6144    95.4704   102.4375    95.4704
   2.8228  85.6445   100.5190   107.7166   100.5190
   2.8829  89.7386   105.6775   113.0993   105.6775
   2.9429  93.8930   110.9439   118.5840   110.9439
   3.0030  98.1039   116.3164   124.1694   116.3164
   3.0631 102.3674   121.7933   129.8541   121.7933
   3.1231 106.6796   127.3729   135.6367   127.3729
   3.1832 111.0366   133.0536   141.5161   133.0536
   3.2432 115.4344   138.8339   147.4909   138.8339
   3.3033 119.8689   144.7124   153.5602   144.7124
   3.3634 124.3363   150.6877   159.7226   150.6877
   3.4234 128.8325   156.7584   165.9771   156.7584
   3.4835 133.3536   162.9234   172.3227   162.9234
   3.5435 137.8958   169.1813   178.7583   169.1813
   3.6036 142.4555   175.5311   185.2828   175.5311
   3.6637 147.0288   181.9714   191.8954   181.9714
   3.7237 151.6125   188.5013   198.5949   188.5013
   3.7838 156.2031   195.1196   205.3805   195.1196
   3.8438 160.7975   201.8252   212.2512   201.8252
   3.9039 165.3926   208.6173   219.2060   208.6173
   3.9640 169.9858   215.4946   226.2441   215.4946
   4.0240 174.5743   222.4564   233.3645   222.4564
   4.0841 179.1558   229.5015   240.5664   229.5015
   4.1441 183.7278   236.6292   247.8489   236.6292
   4.2042 188.2885   243.8383   255.2112   243.8383
   4.2643 192.8359   251.1282   262.6523   251.1282
   4.3243 197.3682   258.4977   270.1714   258.4977
   4.3844 201.8838   265.9461   277.7678   265.9461
   4.4444 206.3814   273.4726   285.4405   273.4726
   4.5045 210.8596   281.0762   293.1889   281.0762
   4.5646 215.3173   288.7561   301.0120   288.7561
   4.6246 219.7533   296.5115   308.9091   296.5115
   4.6847 224.1668   304.3417   316.8794   304.3417
   4.7447 228.5569   312.2456   324.9222   312.2456
   4.8048 232.9228   320.2227   333.0366   320.2227
   4.8649 237.2639   328.2721   341.2220   328.2721
   4.9249 241.5795   336.3930   349.4775   336.3930
   4.9850 245.8690   344.5846   357.8024   344.5846
   5.0450 250.1320   352.8462   366.1960   352.8462
   5.1051 254.3681   361.1771   374.6576   361.1771
   5.1652 258.5768   369.5765   383.1864   369.5765
   5.2252 262.7579   378.0437   391.7818   378.0437
   5.2853 266.9109   386.5779   400.4429   386.5779
   5.3453 271.0357   395.1784   409.1692   395.1784
   5.4054 275.1321   403.8445   417.9600   403.8445
   5.4655 279.1997   412.5756   426.8144   412.5756
   5.5255 283.2384   421.3709   435.7320   421.3709
   5.5856 287.2482   430.2296   444.7119   430.2296
   5.6456 291.2288   439.1513   453.7536   439.1513
   5.7057 295.1802   448.1351   462.8563   448.1351
   5.7658 299.1022   457.1803   472.0195   457.1803
   5.8258 302.9949   466.2865   481.2424   466.2865
   5.8859 306.8581   475.4528   490.5244   475.4528
   5.9459 310.6919   484.6786   499.8650   484.6786
   6.0060 314.4962   493.9633   509.2633   493.9633
   6.0661 318.2709   503.3062   518.7189   503.3062
   6.1261 322.0162   512.7068   528.2312   512.7068
   6.1862 325.7321   522.1643   537.7994   522.1643
   6.2462 329.4185   531.6782   547.4230   531.6782
   6.3063 333.0754   541.2478   557.1014   541.2478
   6.3664 336.7031   550.8726   566.8340   550.8726
   6.4264 340.3014   560.5519   576.6202   560.5519
   6.4865 343.8705   570.2851   586.4593   570.2851
   6.5465 347.4105   580.0717   596.3510   580.0717
   6.6066 350.9214   589.9111   606.2944   589.9111
   6.6667 354.4032   599.8026   616.2892   599.8026
   6.7267 357.8562   609.7457   626.3347   609.7457
   6.7868 361.2803   619.7399   636.4303   619.7399
   6.8468 364.6758   629.7845   646.5755   629.7845
   6.9069 368.0426   639.8791   656.7698   639.8791
   6.9670 371.3809   650.0229   667.0125   650.0229
   7.0270 374.6909   660.2156   677.3032   660.2156
   7.0871 377.9725   670.4565   687.6414   670.4565
   7.1471 381.2261   680.7451   698.0264   680.7451
   7.2072 384.4516   691.0809   708.4578   691.0809
   7.2673 387.6492   701.4634   718.9350   701.4634
   7.3273 390.8190   711.8920   729.4575   711.8920
   7.3874 393.9612   722.3661   740.0249   722.3661
   7.4474 397.0759   732.8853   750.6365   732.8853
   7.5075 400.1632   743.4491   761.2919   743.4491
   7.5676 403.2233   754.0570   771.9906   754.0570
   7.6276 406.2564   764.7084   782.7321   764.7084
   7.6877 409.2624   775.4029   793.5159   775.4029
   7.7477 412.2417   786.1399   804.3415   786.1399
   7.8078 415.1943   796.9190   815.2085   796.9190
   7.8679 418.1204   807.7397   826.1163   807.7397
   7.9279 421.0201   818.6014   837.0644   818.6014
   7.9880 423.8937   829.5038   848.0525   829.5038
   8.0480 426.7411   840.4464   859.0800   840.4464
   8.1081 429.5627   851.4286   870.1464   851.4286
   8.1682 432.3584   862.4501   881.2514   862.4501
   8.2282 435.1286   873.5103   892.3944   873.5103
   8.2883 437.8733   884.6088   903.5751   884.6088
   8.3483 440.5927   895.7452   914.7929   895.7452
   8.4084 443.2870   906.9189   926.0474   906.9189
   8.4685 445.9562   918.1296   937.3382   918.1296
   8.5285 448.6006   929.3768   948.6649   929.3768
   8.5886 451.2203   940.6601   960.0269   940.6601
   8.6486 453.8155   951.9791   971.4239   951.9791
   8.7087 456.3863   963.3332   982.8555   963.3332
   8.7688 458.9329   974.7221   994.3212   974.7221
   8.8288 461.4554   986.1454  1005.8207   986.1454
   8.8889 463.9540   997.6027  1017.3534   997.6027
   8.9489 466.4288  1009.0934  1028.9191  1009.0934
   9.0090 468.8800  1020.6173  1040.5172  1020.6173
   9.0691 471.3078  1032.1739  1052.1475  1032.1739
   9.1291 473.7122  1043.7628  1063.8094  1043.7628
   9.1892 476.0935  1055.3836  1075.5026  1055.3836
   9.2492 478.4519  1067.0360  1087.2267  1067.0360
   9.3093 480.7874  1078.7194  1098.9813  1078.7194
   9.3694 483.1002  1090.4336  1110.7661  1090.4336
   9.4294 485.3905  1102.1781  1122.5805  1102.1781
   9.4895 487.6584  1113.9525  1134.4244  1113.9525
   9.5495 489.9041  1125.7566  1146.2972  1125.7566
   9.6096 492.1277  1137.5898  1158.1987  1137.5898
   9.6697 494.3293  1149.4519  1170.1284  1149.4519
   9.7297 496.5093  1161.3424  1182.0860  1161.3424
   9.7898 498.6676  1173.2610  1194.0711  1173.2610
   9.8498 500.8044  1185.2074  1206.0834  1185.2074
   9.9099 502.9199  1197.1811  1218.1224  1197.1811
   9.9700 505.0143  1209.1818  1230.1879  1209.1818
  10.0300 507.0876  1221.2091  1242.2796  1221.2091
  10.0901 509.1400  1233.2628  1254.3969  1233.2628
  10.1502 511.1717  1245.3424  1266.5397  1245.3424
  10.2102 513.1829  1257.4477  1278.7075  1257.4477
  10.2703 515.1736  1269.5782  1290.9001  1269.5782
  10.3303 517.1440  1281.7336  1303.1171  1281.7336
  10.3904 519.0943  1293.9136  1315.3581  1293.9136
  10.4505 521.0245  1306.1179  1327.6228  1306.1179
  10.5105 522.9349  1318.3461  1339.9110  1318.3461
  10.5706 524.8256  1330.5979  1352.2222  1330.5979
  10.6306 526.6968  1342.8729  1364.5562  1342.8729
  10.6907 528.5485  1355.1709  1376.9127  1355.1709
  10.7508 530.3809  1367.4916  1389.2912  1367.4916
  10.8108 532.1942  1379.8346  1401.6916  1379.8346
  10.8709 533.9884  1392.1996  1414.1135  1392.1996
  10.9309 535.7638  1404.5863  1426.5566  1404.5863
  10.9910 537.5205  1416.9943  1439.0205  1416.9943
  11.0511 539.2585  1429.4235  1451.5051  1429.4235
  11.1111 540.9781  1441.8734  1464.0099  1441.8734
  11.1712 542.6794  1454.3438  1476.5348  1454.3438
  11.2312 544.3625  1466.8344  1489.0793  1466.8344
  11.2913 546.0276  1479.3448  1501.6432  1479.3448
  11.3514 547.6747  1491.8749  1514.2263  1491.8749
  11.4114 549.3040  1504.4243  1526.8282  1504.4243
  11.4715 550.9157  1516.9927  1539.4486  1516.9927
  11.5315 552.5099  1529.5798  1552.0874  1529.5798
  11.5916 554.0867  1542.1853  1564.7441  1542.1853
  11.6517 555.6462  1554.8091  1577.4185  1554.8091
  11.7117 557.1886  1567.4507  1590.1103  1567.4507
  11.7718 558.7139  1580.1100  1602.8194  1580.1100
  11.8318 560.2225  1592.7866  1615.5453  1592.7866
  11.8919 561.7142  1605.4802  1628.2878  1605.4802
  11.9520 563.1893  1618.1907  1641.0467  1618.1907
  12.0120 564.6480  1630.9177  1653.8217  1630.9177
  12.0721 566.0902  1643.6611  1666.6126  1643.6611
  12.1321 567.5163  1656.4204  1679.4190  1656.4204
  12.1922 568.9261  1669.1955  1692.2408  1669.1955
  12.2523 570.3200  1681.9861  1705.0777  1681.9861
  12.3123 571.6980  1694.7919  1717.9294  1694.7919
  12.3724 573.0603  1707.6128  1730.7956  1707.6128
  12.4324 574.4069  1720.4484  1743.6762  1720.4484
  12.4925 575.7380  1733.2985  1756.5709  1733.2985
  12.5526 577.0537  1746.1628  1769.4794  1746.1628
  12.6126 578.3541  1759.0412  1782.4015  1759.0412
  12.6727 579.6393  1771.9334  1795.3370  1771.9334
  12.7327 580.9095  1784.8390  1808.2856  1784.8390
  12.7928 582.1647  1797.7580  1821.2471  1797.7580
  12.8529 583.4051  1810.6901  1834.2213  1810.6901
  12.9129 584.6309  1823.6350  1847.2080  1823.6350
  12.9730 585.8420  1836.5925  1860.2068  1836.5925
  13.0330 587.0386  1849.5623  1873.2176  1849.5623
  13.0931 588.2209  1862.5444  1886.2402  1862.5444
  13.1532 589.3889  1875.5383  1899.2743  1875.5383
  13.2132 590.5428  1888.5439  1912.3197  1888.5439
  13.2733 591.6826  1901.5611  1925.3762  1901.5611
  13.3333 592.8085  1914.5894  1938.4436  1914.5894
  13.3934 593.9206  1927.6289  1951.5217  1927.6289
  13.4535 595.0190  1940.6792  1964.6103  1940.6792
  13.5135 596.1038  1953.7400  1977.7091  1953.7400
  13.5736 597.1750  1966.8113  1990.8179  1966.8113
  13.6336 598.2329  1979.8928  2003.9365  1979.8928
  13.6937 599.2775  1992.9843  2017.0648  1992.9843
  13.7538 600.3089  2006.0856  2030.2026  2006.0856
  13.8138 601.3272  2019.1965  2043.3495  2019.1965
  13.8739 602.3325  2032.3168  2056.5055  2032.3168
  13.9339 603.3250  2045.4462  2069.6703  2045.4462
  13.9940 604.3047  2058.5846  2082.8437  2058.5846
  14.0541 605.2717  2071.7318  2096.0256  2071.7318
  14.1141 606.2261  2084.8876  2109.2158  2084.8876
  14.1742 607.1681  2098.0519  2122.4139  2098.0519
  14.2342 608.0976  2111.2243  2135.6200  2111.2243
  14.2943 609.0149  2124.4047  2148.8337  2124.4047
  14.3544 609.9200  2137.5930  2162.0550  2137.5930
  14.4144 610.8130  2150.7890  2175.2835  2150.7890
  14.4745 611.6940  2163.9924  2188.5192  2163.9924
  14.5345 612.5632  2177.2030  2201.7618  2177.2030
  14.5946 613.4205  2190.4208  2215.0112  2190.4208
  14.6547 614.2661  2203.6455  2228.2672  2203.6455
  14.7147 615.1001  2216.8770  2241.5297  2216.8770
  14.7748 615.9225  2230.1150  2254.7983  2230.1150
  14.8348 616.7335  2243.3594  2268.0731  2243.3594
  14.8949 617.5332  2256.6101  2281.3537  2256.6101
  14.9550 618.3217  2269.8667  2294.6401  2269.8667
  15.0150 619.0989  2283.1293  2307.9320  2283.1293
  15.0751 619.8651  2296.3976  2321.2294  2296.3976
  15.1351 620.6203  2309.6714  2334.5320  2309.6714
  15.1952 621.3646  2322.9506  2347.8396  2322.9506
  15.2553 622.0981  2336.2350  2361.1522  2336.2350
  15.3153 622.8209  2349.5245  2374.4695  2349.5245
  15.3754 623.5330  2362.8189  2387.7914  2362.8189
  15.4354 624.2346  2376.1180  2401.1177  2376.1180
  15.4955 624.9257  2389.4216  2414.4483  2389.4216
  15.5556 625.6065  2402.7297  2427.7831  2402.7297
  15.6156 626.2769  2416.0421  2441.1218  2416.0421
  15.6757 626.9371  2429.3585  2454.4643  2429.3585
  15.7357 627.5872  2442.6790  2467.8105  2442.6790
  15.7958 628.2272  2456.0032  2481.1602  2456.0032
  15.8559 628.8572  2469.3311  2494.5133  2469.3311
  15.9159 629.4774  2482.6625  2507.8696  2482.6625
  15.9760 630.0877  2495.9972  2521.2290  2495.9972
  16.0360 630.6883  2509.3352  2534.5913  2509.3352
  16.0961 631.2793  2522.6762  2547.9564  2522.6762
  16.1562 631.8607  2536.0202  2561.3242  2536.0202
  16.2162 632.4325  2549.3669  2574.6945  2549.3669
  16.2763 632.9950  2562.7163  2588.0671  2562.7163
  16.3363 633.5481  2576.0683  2601.4420  2576.0683
  16.3964 634.0919  2589.4225  2614.8190  2589.4225
  16.4565 634.6266  2602.7790  2628.1979  2602.7790
  16.5165 635.1521  2616.1377  2641.5787  2616.1377
  16.5766 635.6686  2629.4982  2654.9612  2629.4982
  16.6366 636.1761  2642.8606  2668.3453  2642.8606
  16.6967 636.6747  2656.2247  2681.7308  2656.2247
  16.7568 637.1645  2669.5904  2695.1176  2669.5904
  16.8168 637.6455  2682.9575  2708.5056  2682.9575
  16.8769 638.1178  2696.3259  2721.8947  2696.3259
  16.9369 638.5815  2709.6956  2735.2846  2709.6956
  16.9970 639.0367  2723.0662  2748.6754  2723.0662
  17.0571 639.4834  2736.4378  2762.0669  2736.4378
  17.1171 639.9217  2749.8103  2775.4590  2749.8103
  17.1772 640.3517  2763.1834  2788.8515  2763.1834
  17.2372 640.7734  2776.5570  2802.2443  2776.5570
  17.2973 641.1869  2789.9312  2815.6373  2789.9312
  17.3574 641.5923  2803.3056  2829.0304  2803.3056
  17.4174 641.9896  2816.6803  2842.4235  2816.6803
  17.4775 642.3789  2830.0550  2855.8164  2830.0550
  17.5375 642.7603  2843.4298  2869.2091  2843.4298
  17.5976 643.1338  2856.8044  2882.6014  2856.8044
  17.6577 643.4996  2870.1787  2895.9932  2870.1787
  17.7177 643.8575  2883.5527  2909.3845  2883.5527
  17.7778 644.2079  2896.9263  2922.7750  2896.9263
  17.8378 644.5505  2910.2992  2936.1648  2910.2992
  17.8979 644.8857  2923.6715  2949.5536  2923.6715
  17.9580 645.2134  2937.0429  2962.9414  2937.0429
  18.0180 645.5336  2950.4135  2976.3280  2950.4135
  18.0781 645.8465  2963.7830  2989.7134  2963.7830
  18.1381 646.1521  2977.1514  3003.0975  2977.1514
  18.1982 646.4504  2990.5186  3016.4802  2990.5186
  18.2583 646.7416  3003.8845  3029.8613  3003.8845
  18.3183 647.0256  3017.2489  3043.2407  3017.2489
  18.3784 647.3026  3030.6118  3056.6184  3030.6118
  18.4384 647.5726  3043.9731  3069.9943  3043.9731
  18.4985 647.8356  3057.3327  3083.3682  3057.3327
  18.5586 648.0918  3070.6904  3096.7401  3070.6904
  18.6186 648.3411  3084.0462  3110.1098  3084.0462
  18.6787 648.5836  3097.3999  3123.4774  3097.3999
  18.7387 648.8195  3110.7516  3136.8426  3110.7516
  18.7988 649.0486  3124.1010  3150.2054  3124.1010
  18.8589 649.2712  3137.4482  3163.5656  3137.4482
  18.9189 649.4872  3150.7929  3176.9233  3150.7929
  18.9790 649.6968  3164.1351  3190.2783  3164.1351
  19.0390 649.8999  3177.4748  3203.6305  3177.4748
  19.0991 650.0966  3190.8118  3216.9798  3190.8118
  19.1592 650.2870  3204.1460  3230.3262  3204.1460
  19.2192 650.4711  3217.4774  3243.6695  3217.4774
  19.2793 650.6489  3230.8058  3257.0097  3230.8058
  19.3393 650.8206  3244.1312  3270.3467  3244.1312
  19.3994 650.9862  3257.4535  3283.6804  3257.4535
  19.4595 651.1457  3270.7726  3297.0106  3270.7726
  19.5195 651.2992  3284.0885  3310.3375  3284.0885
  19.5796 651.4468  3297.4009  3323.6607  3297.4009
  19.6396 651.5884  3310.7099  3336.9803  3310.7099
  19.6997 651.7241  3324.0154  3350.2963  3324.0154
  19.7598 651.8540  3337.3172  3363.6084  3337.3172
  19.8198 651.9782  3350.6154  3376.9166  3350.6154
  19.8799 652.0967  3363.9098  3390.2209  3363.9098
  19.9399 652.2094  3377.2003  3403.5212  3377.2003
  20.0000 652.3166  3390.4870  3416.8173  3390.4870
  20.0601 652.4182  3403.7696  3430.1093  3403.7696
  20.1201 652.5142  3417.0481  3443.3970  3417.0481
  20.1802 652.6048  3430.3225  3456.6804  3430.3225
  20.2402 652.6899  3443.5926  3469.9593  3443.5926
  20.3003 652.7697  3456.8584  3483.2338  3456.8584
  20.3604 652.8441  3470.1198  3496.5037  3470.1198
  20.4204 652.9132  3483.3768  3509.7690  3483.3768
  20.4805 652.9770  3496.6293  3523.0297  3496.6293
  20.5405 653.0357  3509.8771  3536.2855  3509.8771
  20.6006 653.0892  3523.1203  3549.5365  3523.1203
  20.6607 653.1376  3536.3587  3562.7826  3536.3587
  20.7207 653.1809  3549.5924  3576.0237  3549.5924
  20.7808 653.2192  3562.8211  3589.2598  3562.8211
  20.8408 653.2524  3576.0449  3602.4908  3576.0449
  20.9009 653.2808  3589.2637  3615.7166  3589.2637
  20.9610 653.3042  3602.4774  3628.9372  3602.4774
  21.0210 653.3228  3615.6860  3642.1524  3615.6860
  21.0811 653.3366  3628.8893  3655.3623  3628.8893
  21.1411 653.3456  3642.0874  3668.5668  3642.0874
  21.2012 653.3499  3655.2801  3681.7657  3655.2801
  21.2613 653.3494  3668.4674  3694.9591  3668.4674
  21.3213 653.3444  3681.6493  3708.1469  3681.6493
  21.3814 653.3347  3694.8256  3721.3290  3694.8256
  21.4414 653.3204  3707.9963  3734.5053  3707.9963
  21.5015 653.3016  3721.1614  3747.6759  3721.1614
  21.5616 653.2783  3734.3208  3760.8406  3734.3208
  21.6216 653.2506  3747.4744  3773.9993  3747.4744
  21.6817 653.2184  3760.6221  3787.1521  3760.6221
  21.7417 653.1819  3773.7640  3800.2988  3773.7640
  21.8018 653.1410  3786.8999  3813.4395  3786.8999
  21.8619 653.0958  3800.0298  3826.5740  3800.0298
  21.9219 653.0464  3813.1536  3839.7023  3813.1536
  21.9820 652.9927  3826.2714  3852.8243  3826.2714
  22.0420 652.9349  3839.3829  3865.9401  3839.3829
  22.1021 652.8729  3852.4883  3879.0494  3852.4883
  22.1622 652.8068  3865.5873  3892.1524  3865.5873
  22.2222 652.7365  3878.6800  3905.2488  3878.6800
  22.2823 652.6623  3891.7663  3918.3387  3891.7663
  22.3423 652.5840  3904.8462  3931.4221  3904.8462
  22.4024 652.5018  3917.9195  3944.4988  3917.9195
  22.4625 652.4157  3930.9863  3957.5688  3930.9863
  22.5225 652.3256  3944.0465  3970.6321  3944.0465
  22.5826 652.2316  3957.1001  3983.6887  3957.1001
  22.6426 652.1339  3970.1470  3996.7383  3970.1470
  22.7027 652.0323  3983.1871  4009.7811  3983.1871
  22.7628 651.9270  3996.2204  4022.8170  3996.2204
  22.8228 651.8179  4009.2469  4035.8459  4009.2469
  22.8829 651.7051  4022.2664  4048.8678  4022.2664
  22.9429 651.5887  4035.2791  4061.8826  4035.2791
  23.0030 651.4686  4048.2847  4074.8903  4048.2847
  23.0631 651.3449  4061.2833  4087.8908  4061.2833
  23.1231 651.2176  4074.2748  4100.8841  4074.2748
  23.1832 651.0869  4087.2592  4113.8702  4087.2592
  23.2432 650.9526  4100.2364  4126.8490  4100.2364
  23.3033 650.8148  4113.2064  4139.8204  4113.2064
  23.3634 650.6736  4126.1691  4152.7844  4126.1691
  23.4234 650.5289  4139.1245  4165.7411  4139.1245
  23.4835 650.3809  4152.0726  4178.6902  4152.0726
  23.5435 650.2295  4165.0133  4191.6319  4165.0133
  23.6036 650.0748  4177.9465  4204.5659  4177.9465
  23.6637 649.9168  4190.8723  4217.4924  4190.8723
  23.7237 649.7556  4203.7905  4230.4113  4203.7905
  23.7838 649.5911  4216.7012  4243.3225  4216.7012
  23.8438 649.4234  4229.6043  4256.2260  4229.6043
  23.9039 649.2525  4242.4997  4269.1217  4242.4997
  23.9640 649.0785  4255.3875  4282.0096  4255.3875
  24.0240 648.9014  4268.2676  4294.8897  4268.2676
  24.0841 648.7212  4281.1398  4307.7620  4281.1398
  24.1441 648.5379  4294.0043  4320.6263  4294.0043
  24.2042 648.3516  4306.8610  4333.4827  4306.8610
  24.2643 648.1622  4319.7098  4346.3311  4319.7098
  24.3243 647.9699  4332.5507  4359.1715  4332.5507
  24.3844 647.7747  4345.3836  4372.0038  4345.3836
  24.4444 647.5765  4358.2086  4384.8281  4358.2086
  24.5045 647.3754  4371.0255  4397.6442  4371.0255
  24.5646 647.1715  4383.8344  4410.4522  4383.8344
  24.6246 646.9647  4396.6352  4423.2520  4396.6352
  24.6847 646.7550  4409.4278  4436.0435  4409.4278
  24.7447 646.5426  4422.2124  4448.8268  4422.2124
  24.8048 646.3274  4434.9887  4461.6018  4434.9887
  24.8649 646.1095  4447.7568  4474.3685  4447.7568
  24.9249 645.8889  4460.5166  4487.1268  4460.5166
  24.9850 645.6656  4473.2682  4499.8768  4473.2682
  25.0450 645.4396  4486.0114  4512.6183  4486.0114
  25.1051 645.2109  4498.7463  4525.3514  4498.7463
  25.1652 644.9797  4511.4728  4538.0759  4511.4728
  25.2252 644.7458  4524.1909  4550.7920  4524.1909
  25.2853 644.5094  4536.9005  4563.4995  4536.9005
  25.3453 644.2704  4549.6017  4576.1985  4549.6017
  25.4054 644.0290  4562.2943  4588.8889  4562.2943
  25.4655 643.7850  4574.9784  4601.5706  4574.9784
  25.5255 643.5385  4587.6540  4614.2436  4587.6540
  25.5856 643.2896  4600.3209  4626.9080  4600.3209
  25.6456 643.0383  4612.9792  4639.5637  4612.9792
  25.7057 642.7845  4625.6289  4652.2106  4625.6289
  25.7658 642.5284  4638.2699  4664.8487  4638.2699
  25.8258 642.2699  4650.9021  4677.4780  4650.9021
  25.8859 642.0091  4663.5257  4690.0986  4663.5257
  25.9459 641.7460  4676.1404  4702.7102  4676.1404
  26.0060 641.4806  4688.7464  4715.3130  4688.7464
  26.0661 641.2129  4701.3436  4727.9069  4701.3436
  26.1261 640.9429  4713.9319  4740.4918  4713.9319
  26.1862 640.6707  4726.5113  4753.0678  4726.5113
  26.2462 640.3963  4739.0819  4765.6348  4739.0819
  26.3063 640.1198  4751.6435  4778.1928  4751.6435
  26.3664 639.8410  4764.1962  4790.7418  4764.1962
  26.4264 639.5602  4776.7399  4803.2817  4776.7399
  26.4865 639.2771  4789.2746  4815.8126  4789.2746
  26.5465 638.9920  4801.8003  4828.3343  4801.8003
  26.6066 638.7048  4814.3170  4840.8470  4814.3170
  26.6667 638.4156  4826.8246  4853.3504  4826.8246
  26.7267 638.1243  4839.3231  4865.8448  4839.3231
  26.7868 637.8310  4851.8125  4878.3299  4851.8125
  26.8468 637.5356  4864.2927  4890.8058  4864.2927
  26.9069 637.2383  4876.7639  4903.2725  4876.7639
  26.9670 636.9391  4889.2258  4915.7299  4889.2258
  27.0270 636.6378  4901.6785  4928.1780  4901.6785
  27.0871 636.3347  4914.1220  4940.6169  4914.1220
  27.1471 636.0296  4926.5563  4953.0464  4926.5563
  27.2072 635.7227  4938.9813  4965.4666  4938.9813
  27.2673 635.4139  4951.3970  4977.8774  4951.3970
  27.3273 635.1032  4963.8035  4990.2789  4963.8035
  27.3874 634.7907  4976.2006  5002.6710  4976.2006
  27.4474 634.4764  4988.5883  5015.0536  4988.5883
  27.5075 634.1603  5000.9667  5027.4268  5000.9667
  27.5676 633.8424  5013.3357  5039.7906  5013.3357
  27.6276 633.5227  5025.6954  5052.1448  5025.6954
  27.6877 633.2013  5038.0455  5064.4896  5038.0455
  27.7477 632.8782  5050.3863  5076.8249  5050.3863
  27.8078 632.5534  5062.7176  5089.1507  5062.7176
  27.8679 632.2268  5075.0394  5101.4669  5075.0394
  27.9279 631.8986  5087.3518  5113.7736  5087.3518
  27.9880 631.5688  5099.6546  5126.0706  5099.6546
  28.0480 631.2373  5111.9479  5138.3581  5111.9479
  28.1081 630.9041  5124.2317  5150.6360  5124.2317
  28.1682 630.5694  5136.5059  5162.9042  5136.5059
  28.2282 630.2331  5148.7705  5175.1628  5148.7705
  28.2883 629.8952  5161.0255  5187.4118  5161.0255
  28.3483 629.5557  5173.2710  5199.6511  5173.2710
  28.4084 629.2147  5185.5068  5211.8806  5185.5068
  28.4685 628.8721  5197.7329  5224.1005  5197.7329
  28.5285 628.5281  5209.9495  5236.3107  5209.9495
  28.5886 628.1825  5222.1563  5248.5111  5222.1563
  28.6486 627.8355  5234.3534  5260.7018  5234.3534
  28.7087 627.4870  5246.5409  5272.8827  5246.5409
  28.7688 627.1370  5258.7186  5285.0538  5258.7186
  28.8288 626.7856  5270.8867  5297.2152  5270.8867
  28.8889 626.4328  5283.0449  5309.3667  5283.0449
  28.9489 626.0786  5295.1934  5321.5085  5295.1934
  29.0090 625.7230  5307.3322  5333.6404  5307.3322
  29.0691 625.3660  5319.4612  5345.7624  5319.4612
  29.1291 625.0077  5331.5803  5357.8746  5331.5803
  29.1892 624.6480  5343.6897  5369.9770  5343.6897
  29.2492 624.2870  5355.7892  5382.0694  5355.7892
  29.3093 623.9246  5367.8789  5394.1520  5367.8789
  29.3694 623.5610  5379.9588  5406.2247  5379.9588
  29.4294 623.1960  5392.0288  5418.2874  5392.0288
  29.4895 622.8298  5404.0889  5430.3402  5404.0889
  29.5495 622.4623  5416.1391  5442.3831  5416.1391
  29.6096 622.0936  5428.1795  5454.4160  5428.1795
  29.6697 621.7236  5440.2099  5466.4390  5440.2099
  29.7297 621.3524  5452.2305  5478.4520  5452.2305
  29.7898 620.9800  5464.2411  5490.4550  5464.2411
  29.8498 620.6064  5476.2417  5502.4480  5476.2417
  29.9099 620.2316  5488.2325  5514.4310  5488.2325
  29.9700 619.8556  5500.2132  5526.4040  5500.2132
  30.0300 619.4785  5512.1840  5538.3670  5512.1840
  30.0901 619.1002  5524.1448  5550.3199  5524.1448
  30.1502 618.7208  5536.0956  5562.2629  5536.0956
  30.2102 618.3403  5548.0365  5574.1957  5548.0365
  30.2703 617.9587  5559.9673  5586.1185  5559.9673
  30.3303 617.5759  5571.8881  5598.0312  5571.8881
  30.3904 617.1921  5583.7988  5609.9339  5583.7988
  30.4505 616.8072  5595.6996  5621.8265  5595.6996
  30.5105 616.4213  5607.5902  5633.7089  5607.5902
  30.5706 616.0343  5619.4709  5645.5813  5619.4709
  30.6306 615.6463  5631.3414  5657.4436  5631.3414
  30.6907 615.2572  5643.2019  5669.2957  5643.2019
  30.7508 614.8672  5655.0524  5681.1377  5655.0524
  30.8108 614.4761  5666.8927  5692.9696  5666.8927
  30.8709 614.0840  5678.7229  5704.7913  5678.7229
  30.9309 613.6910  5690.5431  5716.6029  5690.5431
  30.9910 613.2970  5702.3531  5728.4043  5702.3531
  31.0511 612.9021  5714.1530  5740.1956  5714.1530
  31.1111 612.5062  5725.9428  5751.9767  5725.9428
  31.1712 612.1093  5737.7224  5763.7476  5737.7224
  31.2312 611.7116  5749.4920  5775.5083  5749.4920
  31.2913 611.3129  5761.2513  5787.2589  5761.2513
  31.3514 610.9134  5773.0005  5798.9992  5773.0005
  31.4114 610.5129  5784.7396  5810.7294  5784.7396
  31.4715 610.1116  5796.4685  5822.4493  5796.4685
  31.5315 609.7094  5808.1872  5834.1590  5808.1872
  31.5916 609.3063  5819.8958  5845.8585  5819.8958
  31.6517 608.9024  5831.5941  5857.5478  5831.5941
  31.7117 608.4976  5843.2823  5869.2268  5843.2823
  31.7718 608.0921  5854.9603  5880.8956  5854.9603
  31.8318 607.6857  5866.6281  5892.5542  5866.6281
  31.8919 607.2785  5878.2857  5904.2025  5878.2857
  31.9520 606.8705  5889.9330  5915.8406  5889.9330
  32.0120 606.4617  5901.5702  5927.4684  5901.5702
  32.0721 606.0521  5913.1971  5939.0859  5913.1971
  32.1321 605.6418  5924.8138  5950.6932  5924.8138
  32.1922 605.2307  5936.4203  5962.2902  5936.4203
  32.2523 604.8188  5948.0165  5973.8769  5948.0165
  32.3123 604.4062  5959.6025  5985.4534  5959.6025
  32.3724 603.9929  5971.1783  5997.0196  5971.1783
  32.4324 603.5789  5982.7438  6008.5755  5982.7438
  32.4925 603.1641  5994.2991  6020.1211  5994.2991
  32.5526 602.7487  6005.8441  6031.6564  6005.8441
  32.6126 602.3325  6017.3788  6043.1814  6017.3788
  32.6727 601.9157  6028.9033  6054.6961  6028.9033
  32.7327 601.4982  6040.4176  6066.2005  6040.4176
  32.7928 601.0800  6051.9215  6077.6946  6051.9215
  32.8529 600.6612  6063.4152  6089.1784  6063.4152
  32.9129 600.2417  6074.8986  6100.6519  6074.8986
  32.9730 599.8216  6086.3717  6112.1150  6086.3717
  33.0330 599.4008  6097.8346  6123.5679  6097.8346
  33.0931 598.9794  6109.2871  6135.0104  6109.2871
  33.1532 598.5574  6120.7294  6146.4426  6120.7294
  33.2132 598.1348  6132.1614  6157.8645  6132.1614
  33.2733 597.7116  6143.5831  6169.2761  6143.5831
  33.3333 597.2878  6154.9945  6180.6773  6154.9945
  33.3934 596.8634  6166.3956  6192.0682  6166.3956
  33.4535 596.4384  6177.7864  6203.4488  6177.7864
  33.5135 596.0129  6189.1669  6214.8190  6189.1669
  33.5736 595.5868  6200.5371  6226.1789  6200.5371
  33.6336 595.1602  6211.8970  6237.5285  6211.8970
  33.6937 594.7330  6223.2466  6248.8677  6223.2466
  33.7538 594.3053  6234.5859  6260.1966  6234.5859
  33.8138 593.8771  6245.9148  6271.5151  6245.9148
  33.8739 593.4483  6257.2335  6282.8233  6257.2335
  33.9339 593.0190  6268.5418  6294.1211  6268.5418
  33.9940 592.5892  6279.8399  6305.4086  6279.8399
  34.0541 592.1590  6291.1276  6316.6858  6291.1276
  34.1141 591.7282  6302.4050  6327.9526  6302.4050
  34.1742 591.2969  6313.6721  6339.2091  6313.6721
  34.2342 590.8652  6324.9289  6350.4552  6324.9289
  34.2943 590.4330  6336.1753  6361.6910  6336.1753
  34.3544 590.0004  6347.4114  6372.9164  6347.4114
  34.4144 589.5673  6358.6373  6384.1315  6358.6373
  34.4745 589.1337  6369.8528  6395.3362  6369.8528
  34.5345 588.6997  6381.0579  6406.5306  6381.0579
  34.5946 588.2653  6392.2528  6417.7146  6392.2528
  34.6547 587.8304  6403.4373  6428.8883  6403.4373
  34.7147 587.3951  6414.6115  6440.0516  6414.6115
  34.7748 586.9594  6425.7754  6451.2046  6425.7754
  34.8348 586.5233  6436.9290  6462.3472  6436.9290
  34.8949 586.0868  6448.0722  6473.4795  6448.0722
  34.9550 585.6500  6459.2052  6484.6014  6459.2052
  35.0150 585.2127  6470.3278  6495.7130  6470.3278
  35.0751 584.7750  6481.4401  6506.8143  6481.4401
  35.1351 584.3370  6492.5421  6517.9052  6492.5421
  35.1952 583.8986  6503.6337  6528.9857  6503.6337
  35.2553 583.4598  6514.7151  6540.0559  6514.7151
  35.3153 583.0207  6525.7861  6551.1158  6525.7861
  35.3754 582.5813  6536.8468  6562.1653  6536.8468
  35.4354 582.1415  6547.8972  6573.2045  6547.8972
  35.4955 581.7013  6558.9373  6584.2334  6558.9373
  35.5556 581.2608  6569.9670  6595.2519  6569.9670
  35.6156 580.8200  6580.9865  6606.2600  6580.9865
  35.6757 580.3789  6591.9957  6617.2579  6591.9957
  35.7357 579.9375  6602.9945  6628.2454  6602.9945
  35.7958 579.4958  6613.9830  6639.2226  6613.9830
  35.8559 579.0537  6624.9612  6650.1894  6624.9612
  35.9159 578.6114  6635.9292  6661.1459  6635.9292
  35.9760 578.1688  6646.8868  6672.0921  6646.8868
  36.0360 577.7259  6657.8341  6683.0280  6657.8341
  36.0961 577.2827  6668.7711  6693.9535  6668.7711
  36.1562 576.8393  6679.6978  6704.8687  6679.6978
  36.2162 576.3955  6690.6143  6715.7737  6690.6143
  36.2763 575.9516  6701.5204  6726.6682  6701.5204
  36.3363 575.5073  6712.4162  6737.5525  6712.4162
  36.3964 575.0628  6723.3018  6748.4265  6723.3018
  36.4565 574.6181  6734.1771  6759.2901  6734.1771
  36.5165 574.1731  6745.0420  6770.1435  6745.0420
  36.5766 573.7279  6755.8967  6780.9865  6755.8967
  36.6366 573.2825  6766.7412  6791.8193  6766.7412
  36.6967 572.8368  6777.5753  6802.6417  6777.5753
  36.7568 572.3909  6788.3992  6813.4539  6788.3992
  36.8168 571.9448  6799.2128  6824.2557  6799.2128
  36.8769 571.4985  6810.0161  6835.0473  6810.0161
  36.9369 571.0520  6820.8091  6845.8286  6820.8091
  36.9970 570.6053  6831.5919  6856.5996  6831.5919
  37.0571 570.1584  6842.3645  6867.3603  6842.3645
  37.1171 569.7113  6853.1267  6878.1107  6853.1267
  37.1772 569.2641  6863.8788  6888.8509  6863.8788
  37.2372 568.8166  6874.6205  6899.5808  6874.6205
  37.2973 568.3690  6885.3520  6910.3004  6885.3520
  37.3574 567.9212  6896.0733  6921.0098  6896.0733
  37.4174 567.4732  6906.7843  6931.7089  6906.7843
  37.4775 567.0251  6917.4851  6942.3977  6917.4851
  37.5375 566.5768  6928.1757  6953.0763  6928.1757
  37.5976 566.1284  6938.8560  6963.7446  6938.8560
  37.6577 565.6798  6949.5261  6974.4027  6949.5261
  37.7177 565.2311  6960.1859  6985.0505  6960.1859
  37.7778 564.7822  6970.8356  6995.6881  6970.8356
  37.8378 564.3332  6981.4750  7006.3155  6981.4750
  37.8979 563.8841  6992.1042  7016.9326  6992.1042
  37.9580 563.4348  7002.7232  7027.5395  7002.7232
  38.0180 562.9855  7013.3320  7038.1362  7013.3320
  38.0781 562.5360  7023.9306  7048.7227  7023.9306
  38.1381 562.0864  7034.5189  7059.2989  7034.5189
  38.1982 561.6366  7045.0971  7069.8649  7045.0971
  38.2583 561.1868  7055.6651  7080.4207  7055.6651
  38.3183 560.7369  7066.2229  7090.9664  7066.2229
  38.3784 560.2869  7076.7705  7101.5018  7076.7705
  38.4384 559.8368  7087.3080  7112.0270  7087.3080
  38.4985 559.3866  7097.8352  7122.5420  7097.8352
  38.5586 558.9363  7108.3523  7133.0468  7108.3523
  38.6186 558.4860  7118.8593  7143.5415  7118.8593
  38.6787 558.0356  7129.3560  7154.0260  7129.3560
  38.7387 557.5851  7139.8426  7164.5003  7139.8426
  38.7988 557.1345  7150.3191  7174.9644  7150.3191
  38.8589 556.6838  7160.7854  7185.4184  7160.7854
  38.9189 556.2332  7171.2415  7195.8622  7171.2415
  38.9790 555.7824  7181.6875  7206.2958  7181.6875
  39.0390 555.3316  7192.1234  7216.7193  7192.1234
  39.0991 554.8807  7202.5491  7227.1327  7202.5491
  39.1592 554.4298  7212.9648  7237.5359  7212.9648
  39.2192 553.9789  7223.3702  7247.9289  7223.3702
  39.2793 553.5279  7233.7656  7258.3119  7233.7656
  39.3393 553.0769  7244.1509  7268.6847  7244.1509
  39.3994 552.6258  7254.5260  7279.0474  7254.5260
  39.4595 552.1748  7264.8911  7289.4000  7264.8911
  39.5195 551.7237  7275.2461  7299.7424  7275.2461
  39.5796 551.2725  7285.5909  7310.0748  7285.5909
  39.6396 550.8214  7295.9257  7320.3971  7295.9257
  39.6997 550.3702  7306.2504  7330.7092  7306.2504
  39.7598 549.9191  7316.5650  7341.0113  7316.5650
  39.8198 549.4679  7326.8695  7351.3033  7326.8695
  39.8799 549.0167  7337.1640  7361.5852  7337.1640
  39.9399 548.5655  7347.4484  7371.8570  7347.4484
  40.0000 548.1143  7357.7228  7382.1188  7357.7228
  40.0601 547.6632  7367.9871  7392.3705  7367.9871
  40.1201 547.2120  7378.2413  7402.6121  7378.2413
  40.1802 546.7609  7388.4855  7412.8437  7388.4855
  40.2402 546.3097  7398.7197  7423.0652  7398.7197
  40.3003 545.8586  7408.9439  7433.2767  7408.9439
  40.3604 545.4075  7419.1580  7443.4782  7419.1580
  40.4204 544.9564  7429.3621  7453.6696  7429.3621
  40.4805 544.5054  7439.5562  7463.8510  7439.5562
  40.5405 544.0543  7449.7403  7474.0224  7449.7403
  40.6006 543.6034  7459.9143  7484.1838  7459.9143
  40.6607 543.1524  7470.0784  7494.3352  7470.0784
  40.7207 542.7015  7480.2325  7504.4765  7480.2325
  40.7808 542.2506  7490.3766  7514.6079  7490.3766
  40.8408 541.7998  7500.5107  7524.7293  7500.5107
  40.9009 541.3490  7510.6349  7534.8407  7510.6349
  40.9610 540.8983  7520.7491  7544.9421  7520.7491
  41.0210 540.4476  7530.8533  7555.0335  7530.8533
  41.0811 539.9970  7540.9475  7565.1150  7540.9475
  41.1411 539.5464  7551.0318  7575.1865  7551.0318
  41.2012 539.0959  7561.1062  7585.2481  7561.1062
  41.2613 538.6455  7571.1706  7595.2997  7571.1706
  41.3213 538.1951  7581.2251  7605.3413  7581.2251
  41.3814 537.7448  7591.2697  7615.3731  7591.2697
  41.4414 537.2946  7601.3043  7625.3949  7601.3043
  41.5015 536.8445  7611.3291  7635.4067  7611.3291
  41.5616 536.3944  7621.3439  7645.4087  7621.3439
  41.6216 535.9444  7631.3488  7655.4008  7631.3488
  41.6817 535.4945  7641.3438  7665.3829  7641.3438
  41.7417 535.0446  7651.3290  7675.3551  7651.3290
  41.8018 534.5949  7661.3042  7685.3175  7661.3042
  41.8619 534.1452  7671.2696  7695.2700  7671.2696
  41.9219 533.6957  7681.2251  7705.2125  7681.2251
  41.9820 533.2462  7691.1707  7715.1452  7691.1707
  42.0420 532.7968  7701.1065  7725.0681  7701.1065
  42.1021 532.3476  7711.0324  7734.9811  7711.0324
  42.1622 531.8984  7720.9485  7744.8842  7720.9485
  42.2222 531.4493  7730.8547  7754.7775  7730.8547
  42.2823 531.0004  7740.7511  7764.6609  7740.7511
  42.3423 530.5515  7750.6377  7774.5345  7750.6377
  42.4024 530.1028  7760.5144  7784.3983  7760.5144
  42.4625 529.6542  7770.3813  7794.2523  7770.3813
  42.5225 529.2057  7780.2385  7804.0964  7780.2385
  42.5826 528.7573  7790.0858  7813.9307  7790.0858
  42.6426 528.3090  7799.9233  7823.7553  7799.9233
  42.7027 527.8608  7809.7511  7833.5700  7809.7511
  42.7628 527.4128  7819.5690  7843.3750  7819.5690
  42.8228 526.9649  7829.3772  7853.1701  7829.3772
  42.8829 526.5172  7839.1756  7862.9555  7839.1756
  42.9429 526.0695  7848.9643  7872.7311  7848.9643
  43.0030 525.6220  7858.7432  7882.4970  7858.7432
  43.0631 525.1746  7868.5124  7892.2531  7868.5124
  43.1231 524.7274  7878.2718  7901.9995  7878.2718
  43.1832 524.2803  7888.0215  7911.7361  7888.0215
  43.2432 523.8333  7897.7614  7921.4630  7897.7614
  43.3033 523.3865  7907.4916  7931.1801  7907.4916
  43.3634 522.9399  7917.2122  7940.8876  7917.2122
  43.4234 522.4933  7926.9230  7950.5853  7926.9230
  43.4835 522.0470  7936.6241  7960.2733  7936.6241
  43.5435 521.6007  7946.3155  7969.9516  7946.3155
  43.6036 521.1547  7955.9972  7979.6203  7955.9972
  43.6637 520.7087  7965.6693  7989.2792  7965.6693
  43.7237 520.2630  7975.3316  7998.9285  7975.3316
  43.7838 519.8174  7984.9844  8008.5681  7984.9844
  43.8438 519.3719  7994.6274  8018.1980  7994.6274
  43.9039 518.9267  8004.2608  8027.8183  8004.2608
  43.9640 518.4815  8013.8846  8037.4289  8013.8846
  44.0240 518.0366  8023.4987  8047.0299  8023.4987
  44.0841 517.5918  8033.1032  8056.6212  8033.1032
  44.1441 517.1472  8042.6980  8066.2029  8042.6980
  44.2042 516.7027  8052.2833  8075.7750  8052.2833
  44.2643 516.2585  8061.8589  8085.3375  8061.8589
  44.3243 515.8144  8071.4249  8094.8904  8071.4249
  44.3844 515.3705  8080.9814  8104.4337  8080.9814
  44.4444 514.9267  8090.5282  8113.9674  8090.5282
  44.5045 514.4831  8100.0655  8123.4914  8100.0655
  44.5646 514.0398  8109.5932  8133.0060  8109.5932
  44.6246 513.5966  8119.1113  8142.5109  8119.1113
  44.6847 513.1535  8128.6199  8152.0063  8128.6199
  44.7447 512.7107  8138.1189  8161.4921  8138.1189
  44.8048 512.2681  8147.6084  8170.9684  8147.6084
  44.8649 511.8256  8157.0883  8180.4351  8157.0883
  44.9249 511.3833  8166.5587  8189.8924  8166.5587
  44.9850 510.9412  8176.0196  8199.3400  8176.0196
  45.0450 510.4994  8185.4709  8208.7782  8185.4709
  45.1051 510.0577  8194.9128  8218.2068  8194.9128
  45.1652 509.6162  8204.3451  8227.6260  8204.3451
  45.2252 509.1749  8213.7680  8237.0356  8213.7680
  45.2853 508.7338  8223.1814  8246.4358  8223.1814
  45.3453 508.2929  8232.5852  8255.8264  8232.5852
  45.4054 507.8522  8241.9797  8265.2076  8241.9797
  45.4655 507.4117  8251.3646  8274.5794  8251.3646
  45.5255 506.9714  8260.7401  8283.9416  8260.7401
  45.5856 506.5314  8270.1062  8293.2945  8270.1062
  45.6456 506.0915  8279.4628  8302.6378  8279.4628
  45.7057 505.6518  8288.8099  8311.9718  8288.8099
  45.7658 505.2124  8298.1477  8321.2963  8298.1477
  45.8258 504.7731  8307.4760  8330.6113  8307.4760
  45.8859 504.3341  8316.7949  8339.9170  8316.7949
  45.9459 503.8953  8326.1044  8349.2133  8326.1044
  46.0060 503.4567  8335.4045  8358.5001  8335.4045
  46.0661 503.0183  8344.6952  8367.7776  8344.6952
  46.1261 502.5802  8353.9766  8377.0457  8353.9766
  46.1862 502.1422  8363.2485  8386.3044  8363.2485
  46.2462 501.7045  8372.5111  8395.5537  8372.5111
  46.3063 501.2670  8381.7643  8404.7937  8381.7643
  46.3664 500.8297  8391.0082  8414.0243  8391.0082
  46.4264 500.3927  8400.2427  8423.2456  8400.2427
  46.4865 499.9559  8409.4679  8432.4575  8409.4679
  46.5465 499.5193  8418.6838  8441.6601  8418.6838
  46.6066 499.0829  8427.8903  8450.8534  8427.8903
  46.6667 498.6468  8437.0876  8460.0374  8437.0876
  46.7267 498.2109  8446.2755  8469.2120  8446.2755
  46.7868 497.7752  8455.4541  8478.3774  8455.4541
  46.8468 497.3397  8464.6234  8487.5335  8464.6234
  46.9069 496.9045  8473.7835  8496.6803  8473.7835
  46.9670 496.4696  8482.9343  8505.8178  8482.9343
  47.0270 496.0348  8492.0758  8514.9460  8492.0758
  47.0871 495.6003  8501.2080  8524.0650  8501.2080
  47.1471 495.1661  8510.3310  8533.1747  8510.3310
  47.2072 494.7320  8519.4447  8542.2752  8519.4447
  47.2673 494.2983  8528.5492  8551.3664  8528.5492
  47.3273 493.8647  8537.6445  8560.4484  8537.6445
  47.3874 493.4314  8546.7305  8569.5212  8546.7305
  47.4474 492.9984  8555.8074  8578.5847  8555.8074
  47.5075 492.5656  8564.8750  8587.6391  8564.8750
  47.5676 492.1330  8573.9334  8596.6842  8573.9334
  47.6276 491.7007  8582.9827  8605.7202  8582.9827
  47.6877 491.2686  8592.0227  8614.7469  8592.0227
  47.7477 490.8368  8601.0536  8623.7645  8601.0536
  47.8078 490.4052  8610.0753  8632.7730  8610.0753
  47.8679 489.9739  8619.0878  8641.7722  8619.0878
  47.9279 489.5428  8628.0912  8650.7623  8628.0912
  47.9880 489.1120  8637.0855  8659.7433  8637.0855
  48.0480 488.6814  8646.0706  8668.7151  8646.0706
  48.1081 488.2511  8655.0466  8677.6778  8655.0466
  48.1682 487.8211  8664.0134  8686.6314  8664.0134
  48.2282 487.3913  8672.9712  8695.5758  8672.9712
  48.2883 486.9617  8681.9198  8704.5112  8681.9198
  48.3483 486.5325  8690.8593  8713.4374  8690.8593
  48.4084 486.1034  8699.7898  8722.3546  8699.7898
  48.4685 485.6747  8708.7111  8731.2627  8708.7111
  48.5285 485.2462  8717.6234  8740.1617  8717.6234
  48.5886 484.8179  8726.5266  8749.0516  8726.5266
  48.6486 484.3899  8735.4208  8757.9325  8735.4208
  48.7087 483.9622  8744.3059  8766.8044  8744.3059
  48.7688 483.5348  8753.1820  8775.6671  8753.1820
  48.8288 483.1076  8762.0490  8784.5209  8762.0490
  48.8889 482.6807  8770.9070  8793.3656  8770.9070
  48.9489 482.2540  8779.7560  8802.2013  8779.7560
  49.0090 481.8276  8788.5960  8811.0280  8788.5960
  49.0691 481.4015  8797.4269  8819.8457  8797.4269
  49.1291 480.9756  8806.2489  8828.6544  8806.2489
  49.1892 480.5500  8815.0619  8837.4541  8815.0619
  49.2492 480.1247  8823.8659  8846.2448  8823.8659
  49.3093 479.6997  8832.6609  8855.0266  8832.6609
  49.3694 479.2749  8841.4470  8863.7994  8841.4470
  49.4294 478.8504  8850.2241  8872.5632  8850.2241
  49.4895 478.4262  8858.9922  8881.3181  8858.9922
  49.5495 478.0022  8867.7514  8890.0640  8867.7514
  49.6096 477.5786  8876.5017  8898.8011  8876.5017
  49.6697 477.1551  8885.2431  8907.5292  8885.2431
  49.7297 476.7320  8893.9755  8916.2483  8893.9755
  49.7898 476.3092  8902.6990  8924.9586  8902.6990
  49.8498 475.8866  8911.4136  8933.6600  8911.4136
  49.9099 475.4643  8920.1194  8942.3524  8920.1194
  49.9700 475.0423  8928.8162  8951.0360  8928.8162
  50.0300 474.6205  8937.5042  8959.7107  8937.5042
  50.0901 474.1991  8946.1833  8968.3766  8946.1833
  50.1502 473.7779  8954.8535  8977.0335  8954.8535
  50.2102 473.3570  8963.5149  8985.6817  8963.5149
  50.2703 472.9364  8972.1674  8994.3210  8972.1674
  50.3303 472.5161  8980.8111  9002.9514  8980.8111
  50.3904 472.0960  8989.4460  9011.5730  8989.4460
  50.4505 471.6762  8998.0720  9020.1858  8998.0720
  50.5105 471.2568  9006.6892  9028.7898  9006.6892
  50.5706 470.8376  9015.2976  9037.3850  9015.2976
  50.6306 470.4187  9023.8973  9045.9714  9023.8973
  50.6907 470.0000  9032.4881  9054.5490  9032.4881
  50.7508 469.5817  9041.0701  9063.1178  9041.0701
  50.8108 469.1636  9049.6434  9071.6778  9049.6434
  50.8709 468.7459  9058.2079  9080.2291  9058.2079
  50.9309 468.3284  9066.7636  9088.7716  9066.7636
  50.9910 467.9112  9075.3106  9097.3054  9075.3106
  51.0511 467.4943  9083.8489  9105.8304  9083.8489
  51.1111 467.0777  9092.3784  9114.3467  9092.3784
  51.1712 466.6614  9100.8992  9122.8543  9100.8992
  51.2312 466.2453  9109.4112  9131.3531  9109.4112
  51.2913 465.8296  9117.9146  9139.8433  9117.9146
  51.3514 465.4142  9126.4092  9148.3247  9126.4092
  51.4114 464.9990  9134.8952  9156.7974  9134.8952
  51.4715 464.5841  9143.3725  9165.2615  9143.3725
  51.5315 464.1696  9151.8410  9173.7169  9151.8410
  51.5916 463.7553  9160.3010  9182.1636  9160.3010
  51.6517 463.3413  9168.7522  9190.6017  9168.7522
  51.7117 462.9276  9177.1948  9199.0311  9177.1948
  51.7718 462.5142  9185.6287  9207.4518  9185.6287
  51.8318 462.1011  9194.0541  9215.8640  9194.0541
  51.8919 461.6883  9202.4707  9224.2674  9202.4707
  51.9520 461.2758  9210.8788  9232.6623  9210.8788
  52.0120 460.8636  9219.2782  9241.0486  9219.2782
  52.0721 460.4517  9227.6690  9249.4262  9227.6690
  52.1321 460.0401  9236.0513  9257.7953  9236.0513
  52.1922 459.6288  9244.4249  9266.1558  9244.4249
  52.2523 459.2178  9252.7900  9274.5076  9252.7900
  52.3123 458.8071  9261.1464  9282.8510  9261.1464
  52.3724 458.3967  9269.4943  9291.1857  9269.4943
  52.4324 457.9865  9277.8337  9299.5119  9277.8337
  52.4925 457.5767  9286.1645  9307.8295  9286.1645
  52.5526 457.1672  9294.4867  9316.1386  9294.4867
  52.6126 456.7580  9302.8004  9324.4392  9302.8004
  52.6727 456.3491  9311.1056  9332.7312  9311.1056
  52.7327 455.9405  9319.4023  9341.0148  9319.4023
  52.7928 455.5322  9327.6904  9349.2898  9327.6904
  52.8529 455.1242  9335.9701  9357.5563  9335.9701
  52.9129 454.7165  9344.2412  9365.8143  9344.2412
  52.9730 454.3091  9352.5039  9374.0639  9352.5039
  53.0330 453.9020  9360.7581  9382.3049  9360.7581
  53.0931 453.4952  9369.0038  9390.5375  9369.0038
  53.1532 453.0887  9377.2410  9398.7616  9377.2410
  53.2132 452.6825  9385.4698  9406.9773  9385.4698
  53.2733 452.2766  9393.6901  9415.1845  9393.6901
  53.3333 451.8710  9401.9020  9423.3833  9401.9020
  53.3934 451.4658  9410.1055  9431.5737  9410.1055
  53.4535 451.0608  9418.3005  9439.7556  9418.3005
  53.5135 450.6561  9426.4871  9447.9292  9426.4871
  53.5736 450.2518  9434.6653  9456.0943  9434.6653
  53.6336 449.8477  9442.8352  9464.2510  9442.8352
  53.6937 449.4440  9450.9966  9472.3993  9450.9966
  53.7538 449.0406  9459.1496  9480.5393  9459.1496
  53.8138 448.6375  9467.2942  9488.6709  9467.2942
  53.8739 448.2346  9475.4305  9496.7941  9475.4305
  53.9339 447.8321  9483.5584  9504.9089  9483.5584
  53.9940 447.4299  9491.6780  9513.0155  9491.6780
  54.0541 447.0280  9499.7892  9521.1136  9499.7892
  54.1141 446.6265  9507.8921  9529.2034  9507.8921
  54.1742 446.2252  9515.9867  9537.2850  9515.9867
  54.2342 445.8242  9524.0729  9545.3581  9524.0729
  54.2943 445.4236  9532.1508  9553.4230  9532.1508
  54.3544 445.0232  9540.2204  9561.4796  9540.2204
  54.4144 444.6232  9548.2817  9569.5279  9548.2817
  54.4745 444.2235  9556.3347  9577.5679  9556.3347
  54.5345 443.8241  9564.3795  9585.5996  9564.3795
  54.5946 443.4250  9572.4159  9593.6230  9572.4159
  54.6547 443.0262  9580.4441  9601.6382  9580.4441
  54.7147 442.6277  9588.4641  9609.6451  9588.4641
  54.7748 442.2295  9596.4758  9617.6438  9596.4758
  54.8348 441.8317  9604.4792  9625.6343  9604.4792
  54.8949 441.4341  9612.4744  9633.6165  9612.4744
  54.9550 441.0369  9620.4614  9641.5905  9620.4614
  55.0150 440.6400  9628.4401  9649.5562  9628.4401
  55.0751 440.2434  9636.4107  9657.5138  9636.4107
  55.1351 439.8471  9644.3730  9665.4632  9644.3730
  55.1952 439.4511  9652.3272  9673.4043  9652.3272
  55.2553 439.0554  9660.2732  9681.3373  9660.2732
  55.3153 438.6601  9668.2109  9689.2622  9668.2109
  55.3754 438.2650  9676.1405  9697.1788  9676.1405
  55.4354 437.8703  9684.0620  9705.0873  9684.0620
  55.4955 437.4759  9691.9753  9712.9876  9691.9753
  55.5556 437.0818  9699.8804  9720.8798  9699.8804
  55.6156 436.6880  9707.7774  9728.7639  9707.7774
  55.6757 436.2945  9715.6663  9736.6398  9715.6663
  55.7357 435.9014  9723.5470  9744.5076  9723.5470
  55.7958 435.5085  9731.4196  9752.3673  9731.4196
  55.8559 435.1160  9739.2841  9760.2189  9739.2841
  55.9159 434.7238  9747.1406  9768.0624  9747.1406
  55.9760 434.3319  9754.9889  9775.8978  9754.9889
  56.0360 433.9403  9762.8291  9783.7252  9762.8291
  56.0961 433.5490  9770.6613  9791.5444  9770.6613
  56.1562 433.1581  9778.4853  9799.3556  9778.4853
  56.2162 432.7674  9786.3014  9807.1587  9786.3014
  56.2763 432.3771  9794.1093  9814.9538  9794.1093
  56.3363 431.9871  9801.9093  9822.7409  9801.9093
  56.3964 431.5974  9809.7011  9830.5199  9809.7011
  56.4565 431.2080  9817.4850  9838.2908  9817.4850
  56.5165 430.8190  9825.2608  9846.0538  9825.2608
  56.5766 430.4303  9833.0286  9853.8087  9833.0286
  56.6366 430.0418  9840.7884  9861.5557  9840.7884
  56.6967 429.6537  9848.5402  9869.2946  9848.5402
  56.7568 429.2659  9856.2840  9877.0256  9856.2840
  56.8168 428.8785  9864.0199  9884.7486  9864.0199
  56.8769 428.4913  9871.7477  9892.4636  9871.7477
  56.9369 428.1045  9879.4676  9900.1707  9879.4676
  56.9970 427.7179  9887.1795  9907.8698  9887.1795
  57.0571 427.3317  9894.8835  9915.5609  9894.8835
  57.1171 426.9458  9902.5795  9923.2441  9902.5795
  57.1772 426.5603  9910.2676  9930.9194  9910.2676
  57.2372 426.1750  9917.9477  9938.5867  9917.9477
  57.2973 425.7901  9925.6199  9946.2462  9925.6199
  57.3574 425.4055  9933.2843  9953.8977  9933.2843
  57.4174 425.0212  9940.9407  9961.5413  9940.9407
  57.4775 424.6372  9948.5892  9969.1771  9948.5892
  57.5375 424.2535  9956.2298  9976.8049  9956.2298
  57.5976 423.8702  9963.8625  9984.4249  9963.8625
  57.6577 423.4871  9971.4874  9992.0370  9971.4874
  57.7177 423.1044  9979.1044  9999.6412  9979.1044
  57.7778 422.7220  9986.7135 10007.2376  9986.7135
  57.8378 422.3400  9994.3148 10014.8261  9994.3148
  57.8979 421.9582 10001.9082 10022.4068 10001.9082
  57.9580 421.5768 10009.4938 10029.9796 10009.4938
  58.0180 421.1956 10017.0716 10037.5447 10017.0716
  58.0781 420.8148 10024.6415 10045.1019 10024.6415
  58.1381 420.4344 10032.2036 10052.6513 10032.2036
  58.1982 420.0542 10039.7580 10060.1929 10039.7580
  58.2583 419.6743 10047.3045 10067.7267 10047.3045
  58.3183 419.2948 10054.8432 10075.2528 10054.8432
  58.3784 418.9156 10062.3742 10082.7710 10062.3742
  58.4384 418.5367 10069.8973 10090.2815 10069.8973
  58.4985 418.1581 10077.4127 10097.7842 10077.4127
  58.5586 417.7799 10084.9204 10105.2792 10084.9204
  58.6186 417.4020 10092.4203 10112.7664 10092.4203
  58.6787 417.0243 10099.9124 10120.2459 10099.9124
  58.7387 416.6470 10107.3968 10127.7176 10107.3968
  58.7988 416.2701 10114.8735 10135.1817 10114.8735
  58.8589 415.8934 10122.3425 10142.6380 10122.3425
  58.9189 415.5170 10129.8037 10150.0866 10129.8037
  58.9790 415.1410 10137.2572 10157.5275 10137.2572
  59.0390 414.7653 10144.7031 10164.9607 10144.7031
  59.0991 414.3899 10152.1412 10172.3862 10152.1412
  59.1592 414.0149 10159.5717 10179.8040 10159.5717
  59.2192 413.6401 10166.9944 10187.2142 10166.9944
  59.2793 413.2657 10174.4096 10194.6167 10174.4096
  59.3393 412.8916 10181.8170 10202.0115 10181.8170
  59.3994 412.5178 10189.2168 10209.3987 10189.2168
  59.4595 412.1443 10196.6090 10216.7783 10196.6090
  59.5195 411.7711 10203.9935 10224.1502 10203.9935
  59.5796 411.3983 10211.3703 10231.5145 10211.3703
  59.6396 411.0258 10218.7396 10238.8712 10218.7396
  59.6997 410.6536 10226.1012 10246.2203 10226.1012
  59.7598 410.2817 10233.4553 10253.5618 10233.4553
  59.8198 409.9101 10240.8017 10260.8957 10240.8017
  59.8799 409.5389 10248.1406 10268.2220 10248.1406
  59.9399 409.1680 10255.4718 10275.5407 10255.4718
  60.0000 408.7974 10262.7955 10282.8518 10262.7955
