     time        11        10      00        01
   0.0000    0.0000    0.0000  0.0000    0.0000
   0.0601    0.0011    0.0005  0.0000    0.0005
   0.1201    0.0134    0.0067  0.0000    0.0067
   0.1802    0.0497    0.0250  0.0001    0.0250
   0.2402    0.1216    0.0610  0.0001    0.0610
   0.3003    0.2400    0.1204  0.0002    0.1204
   0.3604    0.4158    0.2085  0.0004    0.2085
   0.4204    0.6592    0.3305  0.0007    0.3305
   0.4805    0.9802    0.4914  0.0010    0.4914
   0.5405    1.3884    0.6960  0.0014    0.6960
   0.6006    1.8931    0.9490  0.0019    0.9490
   0.6607    2.5034    1.2548  0.0025    1.2548
   0.7207    3.2277    1.6179  0.0032    1.6179
   0.7808    4.0743    2.0422  0.0041    2.0422
   0.8408    5.0513    2.5319  0.0051    2.5319
   0.9009    6.1663    3.0908  0.0062    3.0908
   0.9610    7.4267    3.7227  0.0074    3.7227
   1.0210    8.8395    4.4310  0.0089    4.4310
   1.0811   10.4115    5.2193  0.0104    5.2193
   1.1411   12.1490    6.0908  0.0122    6.0908
   1.2012   14.0583    7.0486  0.0141    7.0486
   1.2613   16.1451    8.0959  0.0162    8.0959
   1.3213   18.4146    9.2354  0.0185    9.2354
   1.3814   20.8717   10.4701  0.0209   10.4701
   1.4414   23.5201   11.8025  0.0236   11.8025
   1.5015   26.3619   13.2353  0.0265   13.2353
   1.5616   29.3941   14.7707  0.0295   14.7707
   1.6216   32.6018   16.4112  0.0328   16.4112
   1.6817   35.9536   18.1590  0.0363   18.1590
   1.7417   39.4243   20.0162  0.0400   20.0162
   1.8018   43.0044   21.9847  0.0440   21.9847
   1.8619   46.6901   24.0666  0.0481   24.0666
   1.9219   50.4789   26.2635  0.0525   26.2635
   1.9820   54.3690   28.5772  0.0571   28.5772
   2.0420   58.3586   31.0094  0.0620   31.0094
   2.1021   62.4462   33.5615  0.0671   33.5615
   2.1622   66.6304   36.2350  0.0724   36.2350
   2.2222   70.9096   39.0313  0.0780   39.0313
   2.2823   75.2827   41.9516  0.0839   41.9516
   2.3423   79.7481   44.9971  0.0900   44.9971
   2.4024   84.3045   48.1690  0.0963   48.1690
   2.4625   88.9507   51.4682  0.1029   51.4682
   2.5225   93.6853   54.8958  0.1097   54.8958
   2.5826   98.5071   58.4526  0.1169   58.4526
   2.6426  103.4147   62.1394  0.1242   62.1394
   2.7027  108.4071   65.9570  0.1319   65.9570
   2.7628  113.4828   69.9060  0.1398   69.9060
   2.8228  118.6408   73.9870  0.1479   73.9870
   2.8829  123.8797   78.2005  0.1564   78.2005
   2.9429  129.1985   82.5471  0.1650   82.5471
   3.0030  134.5959   87.0270  0.1740   87.0270
   3.0631  140.0708   91.6406  0.1832   91.6406
   3.1231  145.6220   96.3880  0.1927   96.3880
   3.1832  151.2484  101.2694  0.2025  101.2694
   3.2432  156.9488  106.2847  0.2125  106.2847
   3.3033  162.7222  111.4337  0.2229  111.4337
   3.3634  168.5673  116.7158  0.2334  116.7158
   3.4234  174.4832  122.1303  0.2443  122.1303
   3.4835  180.4688  127.6752  0.2554  127.6752
   3.5435  186.5229  133.3473  0.2668  133.3473
   3.6036  192.6445  139.1401  0.2785  139.1401
   3.6637  198.8326  145.0418  0.2904  145.0418
   3.7237  205.0861  151.0369  0.3026  151.0369
   3.7838  211.4040  157.1128  0.3151  157.1128
   3.8438  217.7853  163.2627  0.3278  163.2627
   3.9039  224.2290  169.4829  0.3408  169.4829
   3.9640  230.7340  175.7711  0.3541  175.7711
   4.0240  237.2994  182.1256  0.3677  182.1256
   4.0841  243.9243  188.5451  0.3815  188.5451
   4.1441  250.6075  195.0282  0.3956  195.0282
   4.2042  257.3483  201.5737  0.4099  201.5737
   4.2643  264.1456  208.1805  0.4245  208.1805
   4.3243  270.9986  214.8476  0.4394  214.8476
   4.3844  277.9062  221.5739  0.4546  221.5739
   4.4444  284.8675  228.3584  0.4700  228.3584
   4.5045  291.8818  235.2001  0.4856  235.2001
   4.5646  298.9480  242.0980  0.5016  242.0980
   4.6246  306.0652  249.0512  0.5177  249.0512
   4.6847  313.2327  256.0587  0.5342  256.0587
   4.7447  320.4494  263.1196  0.5509  263.1196
   4.8048  327.7147  270.2329  0.5678  270.2329
   4.8649  335.0275  277.3978  0.5850  277.3978
   4.9249  342.3871  284.6134  0.6025  284.6134
   4.9850  349.7927  291.8787  0.6202  291.8787
   5.0450  357.2433  299.1929  0.6382  299.1929
   5.1051  364.7383  306.5552  0.6564  306.5552
   5.1652  372.2767  313.9646  0.6748  313.9646
   5.2252  379.8578  321.4204  0.6935  321.4204
   5.2853  387.4809  328.9216  0.7125  328.9216
   5.3453  395.1450  336.4675  0.7316  336.4675
   5.4054  402.8494  344.0573  0.7511  344.0573
   5.4655  410.5935  351.6902  0.7707  351.6902
   5.5255  418.3763  359.3652  0.7906  359.3652
   5.5856  426.1972  367.0818  0.8107  367.0818
   5.6456  434.0554  374.8390  0.8311  374.8390
   5.7057  441.9502  382.6361  0.8517  382.6361
   5.7658  449.8809  390.4723  0.8725  390.4723
   5.8258  457.8467  398.3469  0.8936  398.3469
   5.8859  465.8470  406.2591  0.9148  406.2591
   5.9459  473.8810  414.2082  0.9363  414.2082
   6.0060  481.9480  422.1935  0.9580  422.1935
   6.0661  490.0473  430.2142  0.9800  430.2142
   6.1261  498.1784  438.2696  1.0021  438.2696
   6.1862  506.3404  446.3590  1.0245  446.3590
   6.2462  514.5327  454.4817  1.0471  454.4817
   6.3063  522.7548  462.6370  1.0699  462.6370
   6.3664  531.0058  470.8243  1.0929  470.8243
   6.4264  539.2852  479.0427  1.1161  479.0427
   6.4865  547.5924  487.2918  1.1395  487.2918
   6.5465  555.9266  495.5708  1.1631  495.5708
   6.6066  564.2873  503.8790  1.1869  503.8790
   6.6667  572.6739  512.2158  1.2109  512.2158
   6.7267  581.0858  520.5805  1.2351  520.5805
   6.7868  589.5223  528.9726  1.2596  528.9726
   6.8468  597.9829  537.3914  1.2842  537.3914
   6.9069  606.4669  545.8363  1.3089  545.8363
   6.9670  614.9738  554.3066  1.3339  554.3066
   7.0270  623.5030  562.8018  1.3591  562.8018
   7.0871  632.0540  571.3212  1.3845  571.3212
   7.1471  640.6261  579.8643  1.4100  579.8643
   7.2072  649.2189  588.4304  1.4357  588.4304
   7.2673  657.8317  597.0190  1.4616  597.0190
   7.3273  666.4640  605.6296  1.4877  605.6296
   7.3874  675.1153  614.2614  1.5139  614.2614
   7.4474  683.7850  622.9141  1.5403  622.9141
   7.5075  692.4727  631.5870  1.5669  631.5870
   7.5676  701.1777  640.2795  1.5937  640.2795
   7.6276  709.8996  648.9912  1.6206  648.9912
   7.6877  718.6379  657.7215  1.6477  657.7215
   7.7477  727.3921  666.4698  1.6749  666.4698
   7.8078  736.1616  675.2357  1.7024  675.2357
   7.8679  744.9460  684.0186  1.7299  684.0186
   7.9279  753.7448  692.8180  1.7576  692.8180
   7.9880  762.5575  701.6333  1.7855  701.6333
   8.0480  771.3836  710.4642  1.8135  710.4642
   8.1081  780.2227  719.3101  1.8417  719.3101
   8.1682  789.0743  728.1705  1.8700  728.1705
   8.2282  797.9379  737.0449  1.8985  737.0449
   8.2883  806.8131  745.9328  1.9271  745.9328
   8.3483  815.6994  754.8338  1.9559  754.8338
   8.4084  824.5964  763.7474  1.9848  763.7474
   8.4685  833.5036  772.6731  2.0138  772.6731
   8.5285  842.4207  781.6105  2.0429  781.6105
   8.5886  851.3471  790.5592  2.0722  790.5592
   8.6486  860.2825  799.5186  2.1017  799.5186
   8.7087  869.2264  808.4883  2.1312  808.4883
   8.7688  878.1785  817.4679  2.1609  817.4679
   8.8288  887.1383  826.4570  2.1907  826.4570
   8.8889  896.1054  835.4552  2.2206  835.4552
   8.9489  905.0794  844.4619  2.2507  844.4619
   9.0090  914.0599  853.4769  2.2808  853.4768
   9.0691  923.0466  862.4996  2.3111  862.4996
   9.1291  932.0390  871.5297  2.3415  871.5297
   9.1892  941.0367  880.5668  2.3720  880.5668
   9.2492  950.0395  889.6104  2.4027  889.6104
   9.3093  959.0468  898.6603  2.4334  898.6603
   9.3694  968.0584  907.7159  2.4642  907.7159
   9.4294  977.0739  916.7770  2.4952  916.7770
   9.4895  986.0929  925.8431  2.5262  925.8431
   9.5495  995.1151  934.9138  2.5574  934.9138
   9.6096 1004.1401  943.9888  2.5886  943.9888
   9.6697 1013.1676  953.0678  2.6200  953.0678
   9.7297 1022.1972  962.1503  2.6514  962.1503
   9.7898 1031.2286  971.2360  2.6830  971.2360
   9.8498 1040.2615  980.3246  2.7146  980.3246
   9.9099 1049.2955  989.4157  2.7463  989.4157
   9.9700 1058.3303  998.5089  2.7781  998.5089
  10.0300 1067.3656 1007.6040  2.8100 1007.6040
  10.0901 1076.4010 1016.7005  2.8420 1016.7005
  10.1502 1085.4363 1025.7982  2.8741 1025.7982
  10.2102 1094.4712 1034.8967  2.9062 1034.8967
  10.2703 1103.5053 1043.9957  2.9384 1043.9957
  10.3303 1112.5384 1053.0949  2.9707 1053.0949
  10.3904 1121.5700 1062.1940  3.0031 1062.1940
  10.4505 1130.6001 1071.2926  3.0356 1071.2926
  10.5105 1139.6282 1080.3904  3.0681 1080.3904
  10.5706 1148.6540 1089.4872  3.1007 1089.4872
  10.6306 1157.6774 1098.5827  3.1334 1098.5827
  10.6907 1166.6979 1107.6765  3.1661 1107.6765
  10.7508 1175.7154 1116.7683  3.1989 1116.7683
  10.8108 1184.7295 1125.8579  3.2318 1125.8579
  10.8709 1193.7401 1134.9450  3.2647 1134.9450
  10.9309 1202.7467 1144.0293  3.2977 1144.0293
  10.9910 1211.7493 1153.1105  3.3307 1153.1105
  11.0511 1220.7474 1162.1883  3.3638 1162.1883
  11.1111 1229.7408 1171.2625  3.3970 1171.2625
  11.1712 1238.7294 1180.3328  3.4302 1180.3328
  11.2312 1247.7128 1189.3990  3.4635 1189.3990
  11.2913 1256.6908 1198.4607  3.4968 1198.4607
  11.3514 1265.6632 1207.5178  3.5302 1207.5178
  11.4114 1274.6297 1216.5699  3.5636 1216.5699
  11.4715 1283.5901 1225.6169  3.5971 1225.6169
  11.5315 1292.5441 1234.6584  3.6306 1234.6584
  11.5916 1301.4916 1243.6942  3.6642 1243.6942
  11.6517 1310.4322 1252.7242  3.6978 1252.7242
  11.7117 1319.3659 1261.7480  3.7314 1261.7480
  11.7718 1328.2922 1270.7654  3.7651 1270.7654
  11.8318 1337.2111 1279.7762  3.7988 1279.7762
  11.8919 1346.1224 1288.7801  3.8326 1288.7801
  11.9520 1355.0257 1297.7770  3.8664 1297.7770
  12.0120 1363.9210 1306.7665  3.9002 1306.7666
  12.0721 1372.8079 1315.7486  3.9341 1315.7486
  12.1321 1381.6863 1324.7230  3.9680 1324.7230
  12.1922 1390.5560 1333.6894  4.0019 1333.6894
  12.2523 1399.4168 1342.6476  4.0358 1342.6476
  12.3123 1408.2686 1351.5975  4.0698 1351.5975
  12.3724 1417.1110 1360.5388  4.1038 1360.5389
  12.4324 1425.9439 1369.4714  4.1379 1369.4714
  12.4925 1434.7672 1378.3950  4.1719 1378.3950
  12.5526 1443.5806 1387.3095  4.2060 1387.3095
  12.6126 1452.3840 1396.2146  4.2401 1396.2146
  12.6727 1461.1771 1405.1101  4.2742 1405.1101
  12.7327 1469.9599 1413.9959  4.3083 1413.9959
  12.7928 1478.7321 1422.8718  4.3425 1422.8719
  12.8529 1487.4936 1431.7377  4.3766 1431.7377
  12.9129 1496.2442 1440.5932  4.4108 1440.5932
  12.9730 1504.9837 1449.4383  4.4450 1449.4383
  13.0330 1513.7120 1458.2727  4.4792 1458.2727
  13.0931 1522.4289 1467.0963  4.5134 1467.0963
  13.1532 1531.1342 1475.9090  4.5477 1475.9090
  13.2132 1539.8278 1484.7105  4.5819 1484.7105
  13.2733 1548.5096 1493.5008  4.6161 1493.5008
  13.3333 1557.1793 1502.2795  4.6504 1502.2795
  13.3934 1565.8369 1511.0466  4.6846 1511.0466
  13.4535 1574.4822 1519.8020  4.7189 1519.8020
  13.5135 1583.1150 1528.5454  4.7531 1528.5454
  13.5736 1591.7353 1537.2767  4.7874 1537.2767
  13.6336 1600.3428 1545.9957  4.8217 1545.9957
  13.6937 1608.9374 1554.7024  4.8559 1554.7024
  13.7538 1617.5190 1563.3966  4.8902 1563.3965
  13.8138 1626.0874 1572.0780  4.9244 1572.0780
  13.8739 1634.6426 1580.7466  4.9587 1580.7466
  13.9339 1643.1843 1589.4023  4.9929 1589.4023
  13.9940 1651.7126 1598.0449  5.0272 1598.0449
  14.0541 1660.2271 1606.6742  5.0614 1606.6742
  14.1141 1668.7279 1615.2901  5.0957 1615.2901
  14.1742 1677.2148 1623.8926  5.1299 1623.8926
  14.2342 1685.6876 1632.4814  5.1641 1632.4814
  14.2943 1694.1463 1641.0565  5.1983 1641.0565
  14.3544 1702.5908 1649.6177  5.2325 1649.6177
  14.4144 1711.0208 1658.1649  5.2667 1658.1649
  14.4745 1719.4364 1666.6980  5.3008 1666.6980
  14.5345 1727.8374 1675.2168  5.3350 1675.2168
  14.5946 1736.2236 1683.7213  5.3691 1683.7213
  14.6547 1744.5951 1692.2113  5.4032 1692.2113
  14.7147 1752.9517 1700.6867  5.4373 1700.6867
  14.7748 1761.2932 1709.1474  5.4714 1709.1474
  14.8348 1769.6196 1717.5933  5.5055 1717.5933
  14.8949 1777.9308 1726.0243  5.5395 1726.0243
  14.9550 1786.2266 1734.4403  5.5735 1734.4403
  15.0150 1794.5071 1742.8412  5.6075 1742.8412
  15.0751 1802.7721 1751.2268  5.6415 1751.2268
  15.1351 1811.0214 1759.5972  5.6755 1759.5972
  15.1952 1819.2551 1767.9521  5.7094 1767.9521
  15.2553 1827.4730 1776.2915  5.7433 1776.2914
  15.3153 1835.6750 1784.6152  5.7772 1784.6152
  15.3754 1843.8611 1792.9233  5.8110 1792.9233
  15.4354 1852.0311 1801.2156  5.8449 1801.2156
  15.4955 1860.1851 1809.4919  5.8787 1809.4919
  15.5556 1868.3228 1817.7524  5.9124 1817.7524
  15.6156 1876.4442 1825.9967  5.9462 1825.9967
  15.6757 1884.5493 1834.2249  5.9799 1834.2249
  15.7357 1892.6380 1842.4369  6.0136 1842.4369
  15.7958 1900.7102 1850.6326  6.0472 1850.6326
  15.8559 1908.7658 1858.8119  6.0808 1858.8119
  15.9159 1916.8047 1866.9747  6.1144 1866.9747
  15.9760 1924.8269 1875.1210  6.1480 1875.1210
  16.0360 1932.8324 1883.2506  6.1815 1883.2506
  16.0961 1940.8209 1891.3636  6.2150 1891.3636
  16.1562 1948.7926 1899.4598  6.2484 1899.4598
  16.2162 1956.7472 1907.5392  6.2818 1907.5392
  16.2763 1964.6849 1915.6016  6.3152 1915.6016
  16.3363 1972.6054 1923.6471  6.3485 1923.6471
  16.3964 1980.5087 1931.6756  6.3818 1931.6756
  16.4565 1988.3948 1939.6869  6.4151 1939.6869
  16.5165 1996.2636 1947.6811  6.4483 1947.6811
  16.5766 2004.1151 1955.6580  6.4815 1955.6580
  16.6366 2011.9491 1963.6177  6.5146 1963.6177
  16.6967 2019.7657 1971.5600  6.5477 1971.5600
  16.7568 2027.5648 1979.4849  6.5808 1979.4849
  16.8168 2035.3464 1987.3923  6.6138 1987.3923
  16.8769 2043.1103 1995.2822  6.6468 1995.2822
  16.9369 2050.8566 2003.1546  6.6797 2003.1546
  16.9970 2058.5852 2011.0093  6.7126 2011.0093
  17.0571 2066.2960 2018.8463  6.7454 2018.8463
  17.1171 2073.9890 2026.6656  6.7782 2026.6656
  17.1772 2081.6642 2034.4671  6.8109 2034.4671
  17.2372 2089.3215 2042.2508  6.8436 2042.2508
  17.2973 2096.9609 2050.0166  6.8763 2050.0166
  17.3574 2104.5823 2057.7645  6.9089 2057.7645
  17.4174 2112.1857 2065.4945  6.9414 2065.4944
  17.4775 2119.7711 2073.2064  6.9739 2073.2064
  17.5375 2127.3384 2080.9002  7.0064 2080.9002
  17.5976 2134.8875 2088.5760  7.0388 2088.5760
  17.6577 2142.4186 2096.2337  7.0712 2096.2337
  17.7177 2149.9314 2103.8732  7.1035 2103.8731
  17.7778 2157.4260 2111.4944  7.1357 2111.4944
  17.8378 2164.9023 2119.0975  7.1679 2119.0974
  17.8979 2172.3604 2126.6822  7.2001 2126.6822
  17.9580 2179.8002 2134.2486  7.2322 2134.2486
  18.0180 2187.2216 2141.7967  7.2643 2141.7967
  18.0781 2194.6246 2149.3264  7.2963 2149.3264
  18.1381 2202.0093 2156.8377  7.3282 2156.8377
  18.1982 2209.3755 2164.3306  7.3601 2164.3306
  18.2583 2216.7233 2171.8050  7.3919 2171.8050
  18.3183 2224.0526 2179.2609  7.4237 2179.2608
  18.3784 2231.3634 2186.6983  7.4554 2186.6982
  18.4384 2238.6557 2194.1171  7.4871 2194.1170
  18.4985 2245.9295 2201.5173  7.5187 2201.5173
  18.5586 2253.1847 2208.8989  7.5503 2208.8989
  18.6186 2260.4213 2216.2620  7.5818 2216.2619
  18.6787 2267.6393 2223.6063  7.6132 2223.6063
  18.7387 2274.8387 2230.9320  7.6446 2230.9320
  18.7988 2282.0195 2238.2390  7.6759 2238.2390
  18.8589 2289.1816 2245.5273  7.7072 2245.5273
  18.9189 2296.3251 2252.7969  7.7384 2252.7968
  18.9790 2303.4499 2260.0477  7.7696 2260.0477
  19.0390 2310.5560 2267.2798  7.8007 2267.2797
  19.0991 2317.6434 2274.4931  7.8317 2274.4930
  19.1592 2324.7121 2281.6876  7.8627 2281.6875
  19.2192 2331.7620 2288.8633  7.8936 2288.8632
  19.2793 2338.7932 2296.0201  7.9245 2296.0201
  19.3393 2345.8057 2303.1581  7.9553 2303.1581
  19.3994 2352.7994 2310.2773  7.9860 2310.2773
  19.4595 2359.7743 2317.3776  8.0167 2317.3776
  19.5195 2366.7305 2324.4591  8.0473 2324.4590
  19.5796 2373.6679 2331.5217  8.0779 2331.5216
  19.6396 2380.5865 2338.5653  8.1083 2338.5653
  19.6997 2387.4863 2345.5901  8.1388 2345.5901
  19.7598 2394.3674 2352.5960  8.1691 2352.5959
  19.8198 2401.2296 2359.5830  8.1994 2359.5829
  19.8799 2408.0730 2366.5510  8.2297 2366.5510
  19.9399 2414.8977 2373.5002  8.2599 2373.5001
  20.0000 2421.7035 2380.4304  8.2900 2380.4303
  20.0601 2428.4905 2387.3417  8.3200 2387.3416
  20.1201 2435.2587 2394.2340  8.3500 2394.2339
  20.1802 2442.0081 2401.1074  8.3799 2401.1074
  20.2402 2448.7387 2407.9619  8.4098 2407.9618
  20.3003 2455.4505 2414.7975  8.4396 2414.7974
  20.3604 2462.1435 2421.6141  8.4693 2421.6140
  20.4204 2468.8177 2428.4117  8.4990 2428.4116
  20.4805 2475.4732 2435.1904  8.5286 2435.1904
  20.5405 2482.1098 2441.9502  8.5581 2441.9501
  20.6006 2488.7276 2448.6911  8.5876 2448.6910
  20.6607 2495.3267 2455.4130  8.6170 2455.4129
  20.7207 2501.9069 2462.1160  8.6463 2462.1159
  20.7808 2508.4684 2468.8001  8.6756 2468.8000
  20.8408 2515.0112 2475.4652  8.7048 2475.4652
  20.9009 2521.5352 2482.1115  8.7339 2482.1114
  20.9610 2528.0404 2488.7388  8.7630 2488.7387
  21.0210 2534.5269 2495.3473  8.7920 2495.3472
  21.0811 2540.9947 2501.9368  8.8209 2501.9367
  21.1411 2547.4438 2508.5075  8.8498 2508.5074
  21.2012 2553.8741 2515.0592  8.8786 2515.0592
  21.2613 2560.2858 2521.5921  8.9073 2521.5921
  21.3213 2566.6787 2528.1062  8.9360 2528.1061
  21.3814 2573.0530 2534.6014  8.9646 2534.6013
  21.4414 2579.4086 2541.0777  8.9931 2541.0777
  21.5015 2585.7456 2547.5353  9.0216 2547.5352
  21.5616 2592.0639 2553.9740  9.0500 2553.9739
  21.6216 2598.3637 2560.3939  9.0783 2560.3938
  21.6817 2604.6448 2566.7950  9.1066 2566.7949
  21.7417 2610.9073 2573.1773  9.1347 2573.1772
  21.8018 2617.1512 2579.5409  9.1629 2579.5408
  21.8619 2623.3766 2585.8857  9.1909 2585.8856
  21.9219 2629.5834 2592.2117  9.2189 2592.2117
  21.9820 2635.7717 2598.5191  9.2468 2598.5190
  22.0420 2641.9415 2604.8077  9.2747 2604.8076
  22.1021 2648.0928 2611.0776  9.3024 2611.0776
  22.1622 2654.2256 2617.3289  9.3301 2617.3288
  22.2222 2660.3399 2623.5615  9.3578 2623.5614
  22.2823 2666.4358 2629.7754  9.3853 2629.7754
  22.3423 2672.5133 2635.9707  9.4128 2635.9707
  22.4024 2678.5724 2642.1474  9.4403 2642.1474
  22.4625 2684.6130 2648.3055  9.4676 2648.3055
  22.5225 2690.6354 2654.4451  9.4949 2654.4451
  22.5826 2696.6393 2660.5661  9.5221 2660.5660
  22.6426 2702.6250 2666.6685  9.5493 2666.6685
  22.7027 2708.5923 2672.7525  9.5764 2672.7524
  22.7628 2714.5414 2678.8179  9.6034 2678.8179
  22.8228 2720.4722 2684.8649  9.6303 2684.8648
  22.8829 2726.3848 2690.8934  9.6572 2690.8934
  22.9429 2732.2792 2696.9035  9.6840 2696.9034
  23.0030 2738.1553 2702.8952  9.7107 2702.8951
  23.0631 2744.0133 2708.8684  9.7374 2708.8684
  23.1231 2749.8532 2714.8234  9.7640 2714.8233
  23.1832 2755.6749 2720.7600  9.7905 2720.7599
  23.2432 2761.4786 2726.6782  9.8169 2726.6781
  23.3033 2767.2642 2732.5782  9.8433 2732.5781
  23.3634 2773.0317 2738.4599  9.8696 2738.4598
  23.4234 2778.7812 2744.3233  9.8958 2744.3232
  23.4835 2784.5127 2750.1685  9.9220 2750.1684
  23.5435 2790.2263 2755.9956  9.9481 2755.9955
  23.6036 2795.9219 2761.8044  9.9741 2761.8043
  23.6637 2801.5996 2767.5951 10.0001 2767.5950
  23.7237 2807.2594 2773.3677 10.0260 2773.3676
  23.7838 2812.9013 2779.1222 10.0518 2779.1221
  23.8438 2818.5254 2784.8586 10.0775 2784.8585
  23.9039 2824.1317 2790.5770 10.1032 2790.5769
  23.9640 2829.7203 2796.2773 10.1288 2796.2772
  24.0240 2835.2910 2801.9597 10.1543 2801.9596
  24.0841 2840.8441 2807.6241 10.1798 2807.6240
  24.1441 2846.3794 2813.2705 10.2052 2813.2705
  24.2042 2851.8971 2818.8991 10.2305 2818.8990
  24.2643 2857.3972 2824.5098 10.2557 2824.5097
  24.3243 2862.8796 2830.1026 10.2809 2830.1026
  24.3844 2868.3445 2835.6777 10.3060 2835.6776
  24.4444 2873.7918 2841.2349 10.3311 2841.2348
  24.5045 2879.2216 2846.7744 10.3560 2846.7743
  24.5646 2884.6339 2852.2961 10.3809 2852.2960
  24.6246 2890.0288 2857.8001 10.4057 2857.8001
  24.6847 2895.4063 2863.2865 10.4305 2863.2864
  24.7447 2900.7663 2868.7552 10.4552 2868.7552
  24.8048 2906.1090 2874.2064 10.4798 2874.2063
  24.8649 2911.4344 2879.6399 10.5043 2879.6398
  24.9249 2916.7424 2885.0559 10.5288 2885.0558
  24.9850 2922.0332 2890.4544 10.5532 2890.4543
  25.0450 2927.3068 2895.8354 10.5776 2895.8353
  25.1051 2932.5631 2901.1989 10.6018 2901.1988
  25.1652 2937.8023 2906.5450 10.6260 2906.5449
  25.2252 2943.0243 2911.8737 10.6501 2911.8737
  25.2853 2948.2293 2917.1851 10.6742 2917.1850
  25.3453 2953.4171 2922.4791 10.6982 2922.4791
  25.4054 2958.5880 2927.7559 10.7221 2927.7558
  25.4655 2963.7418 2933.0154 10.7459 2933.0153
  25.5255 2968.8787 2938.2576 10.7697 2938.2576
  25.5856 2973.9986 2943.4827 10.7934 2943.4826
  25.6456 2979.1016 2948.6906 10.8170 2948.6905
  25.7057 2984.1877 2953.8814 10.8406 2953.8813
  25.7658 2989.2570 2959.0551 10.8641 2959.0550
  25.8258 2994.3095 2964.2117 10.8875 2964.2116
  25.8859 2999.3453 2969.3513 10.9108 2969.3512
  25.9459 3004.3643 2974.4739 10.9341 2974.4739
  26.0060 3009.3666 2979.5796 10.9573 2979.5795
  26.0661 3014.3522 2984.6683 10.9805 2984.6683
  26.1261 3019.3212 2989.7402 11.0036 2989.7401
  26.1862 3024.2737 2994.7952 11.0266 2994.7951
  26.2462 3029.2095 2999.8334 11.0495 2999.8333
  26.3063 3034.1289 3004.8548 11.0724 3004.8547
  26.3664 3039.0317 3009.8594 11.0952 3009.8594
  26.4264 3043.9181 3014.8474 11.1179 3014.8473
  26.4865 3048.7881 3019.8186 11.1406 3019.8186
  26.5465 3053.6417 3024.7733 11.1632 3024.7732
  26.6066 3058.4790 3029.7113 11.1857 3029.7112
  26.6667 3063.3000 3034.6328 11.2081 3034.6327
  26.7267 3068.1047 3039.5377 11.2305 3039.5376
  26.7868 3072.8931 3044.4261 11.2528 3044.4261
  26.8468 3077.6654 3049.2981 11.2751 3049.2981
  26.9069 3082.4215 3054.1537 11.2973 3054.1536
  26.9670 3087.1615 3058.9928 11.3194 3058.9928
  27.0270 3091.8854 3063.8156 11.3414 3063.8156
  27.0871 3096.5932 3068.6222 11.3634 3068.6221
  27.1471 3101.2851 3073.4124 11.3853 3073.4124
  27.2072 3105.9609 3078.1864 11.4071 3078.1864
  27.2673 3110.6208 3082.9442 11.4289 3082.9442
  27.3273 3115.2649 3087.6858 11.4506 3087.6858
  27.3874 3119.8930 3092.4113 11.4723 3092.4113
  27.4474 3124.5054 3097.1207 11.4938 3097.1207
  27.5075 3129.1019 3101.8141 11.5153 3101.8141
  27.5676 3133.6827 3106.4914 11.5368 3106.4914
  27.6276 3138.2478 3111.1528 11.5581 3111.1528
  27.6877 3142.7972 3115.7982 11.5794 3115.7982
  27.7477 3147.3309 3120.4278 11.6007 3120.4278
  27.8078 3151.8491 3125.0414 11.6218 3125.0414
  27.8679 3156.3517 3129.6393 11.6429 3129.6393
  27.9279 3160.8388 3134.2213 11.6640 3134.2213
  27.9880 3165.3104 3138.7876 11.6849 3138.7876
  28.0480 3169.7665 3143.3382 11.7058 3143.3382
  28.1081 3174.2073 3147.8732 11.7266 3147.8732
  28.1682 3178.6326 3152.3925 11.7474 3152.3924
  28.2282 3183.0427 3156.8962 11.7681 3156.8961
  28.2883 3187.4374 3161.3843 11.7887 3161.3843
  28.3483 3191.8169 3165.8569 11.8093 3165.8569
  28.4084 3196.1812 3170.3141 11.8298 3170.3140
  28.4685 3200.5302 3174.7558 11.8503 3174.7557
  28.5285 3204.8642 3179.1820 11.8706 3179.1820
  28.5886 3209.1830 3183.5930 11.8909 3183.5929
  28.6486 3213.4868 3187.9886 11.9112 3187.9885
  28.7087 3217.7756 3192.3689 11.9313 3192.3689
  28.7688 3222.0494 3196.7340 11.9515 3196.7339
  28.8288 3226.3082 3201.0838 11.9715 3201.0838
  28.8889 3230.5521 3205.4185 11.9915 3205.4185
  28.9489 3234.7812 3209.7381 12.0114 3209.7380
  29.0090 3238.9954 3214.0425 12.0312 3214.0425
  29.0691 3243.1948 3218.3319 12.0510 3218.3319
  29.1291 3247.3795 3222.6063 12.0707 3222.6063
  29.1892 3251.5495 3226.8658 12.0904 3226.8657
  29.2492 3255.7048 3231.1103 12.1100 3231.1102
  29.3093 3259.8454 3235.3398 12.1295 3235.3398
  29.3694 3263.9715 3239.5546 12.1490 3239.5545
  29.4294 3268.0830 3243.7545 12.1684 3243.7545
  29.4895 3272.1800 3247.9396 12.1877 3247.9396
  29.5495 3276.2625 3252.1100 12.2070 3252.1100
  29.6096 3280.3306 3256.2657 12.2262 3256.2657
  29.6697 3284.3842 3260.4068 12.2453 3260.4067
  29.7297 3288.4235 3264.5332 12.2644 3264.5331
  29.7898 3292.4485 3268.6450 12.2834 3268.6450
  29.8498 3296.4592 3272.7423 12.3024 3272.7423
  29.9099 3300.4557 3276.8251 12.3213 3276.8250
  29.9700 3304.4379 3280.8934 12.3401 3280.8934
  30.0300 3308.4060 3284.9473 12.3589 3284.9473
  30.0901 3312.3600 3288.9868 12.3776 3288.9868
  30.1502 3316.2998 3293.0120 12.3962 3293.0119
  30.2102 3320.2257 3297.0228 12.4148 3297.0228
  30.2703 3324.1375 3301.0194 12.4333 3301.0194
  30.3303 3328.0353 3305.0018 12.4518 3305.0017
  30.3904 3331.9192 3308.9699 12.4702 3308.9699
  30.4505 3335.7892 3312.9240 12.4885 3312.9239
  30.5105 3339.6454 3316.8639 12.5068 3316.8639
  30.5706 3343.4878 3320.7897 12.5250 3320.7897
  30.6306 3347.3163 3324.7015 12.5432 3324.7015
  30.6907 3351.1312 3328.5994 12.5612 3328.5993
  30.7508 3354.9323 3332.4832 12.5793 3332.4832
  30.8108 3358.7198 3336.3532 12.5972 3336.3532
  30.8709 3362.4937 3340.2093 12.6151 3340.2093
  30.9309 3366.2540 3344.0515 12.6330 3344.0515
  30.9910 3370.0007 3347.8800 12.6508 3347.8800
  31.0511 3373.7340 3351.6947 12.6685 3351.6947
  31.1111 3377.4538 3355.4957 12.6862 3355.4956
  31.1712 3381.1601 3359.2830 12.7038 3359.2830
  31.2312 3384.8531 3363.0566 12.7213 3363.0566
  31.2913 3388.5327 3366.8167 12.7388 3366.8167
  31.3514 3392.1991 3370.5632 12.7562 3370.5632
  31.4114 3395.8521 3374.2962 12.7736 3374.2962
  31.4715 3399.4920 3378.0157 12.7909 3378.0157
  31.5315 3403.1186 3381.7218 12.8081 3381.7218
  31.5916 3406.7321 3385.4145 12.8253 3385.4145
  31.6517 3410.3325 3389.0938 12.8424 3389.0938
  31.7117 3413.9198 3392.7598 12.8595 3392.7598
  31.7718 3417.4940 3396.4125 12.8765 3396.4125
  31.8318 3421.0553 3400.0519 12.8935 3400.0519
  31.8919 3424.6036 3403.6782 12.9104 3403.6782
  31.9520 3428.1390 3407.2913 12.9272 3407.2913
  32.0120 3431.6615 3410.8912 12.9440 3410.8912
  32.0721 3435.1712 3414.4781 12.9607 3414.4781
  32.1321 3438.6680 3418.0519 12.9774 3418.0519
  32.1922 3442.1521 3421.6127 12.9940 3421.6127
  32.2523 3445.6235 3425.1605 13.0105 3425.1605
  32.3123 3449.0822 3428.6954 13.0270 3428.6954
  32.3724 3452.5282 3432.2174 13.0434 3432.2174
  32.4324 3455.9616 3435.7266 13.0598 3435.7266
  32.4925 3459.3825 3439.2229 13.0761 3439.2229
  32.5526 3462.7908 3442.7064 13.0924 3442.7064
  32.6126 3466.1866 3446.1772 13.1086 3446.1772
  32.6727 3469.5700 3449.6353 13.1248 3449.6353
  32.7327 3472.9409 3453.0808 13.1409 3453.0808
  32.7928 3476.2995 3456.5136 13.1569 3456.5136
  32.8529 3479.6457 3459.9338 13.1729 3459.9338
  32.9129 3482.9796 3463.3415 13.1888 3463.3415
  32.9730 3486.3012 3466.7367 13.2047 3466.7367
  33.0330 3489.6106 3470.1194 13.2205 3470.1194
  33.0931 3492.9078 3473.4896 13.2362 3473.4896
  33.1532 3496.1929 3476.8475 13.2519 3476.8475
  33.2132 3499.4658 3480.1930 13.2676 3480.1930
  33.2733 3502.7266 3483.5262 13.2832 3483.5262
  33.3333 3505.9754 3486.8471 13.2987 3486.8471
  33.3934 3509.2123 3490.1558 13.3142 3490.1558
  33.4535 3512.4371 3493.4523 13.3296 3493.4523
  33.5135 3515.6500 3496.7366 13.3450 3496.7366
  33.5736 3518.8510 3500.0087 13.3603 3500.0087
  33.6336 3522.0402 3503.2688 13.3756 3503.2688
  33.6937 3525.2175 3506.5169 13.3908 3506.5169
  33.7538 3528.3831 3509.7529 13.4060 3509.7529
  33.8138 3531.5369 3512.9769 13.4211 3512.9769
  33.8739 3534.6790 3516.1890 13.4361 3516.1890
  33.9339 3537.8095 3519.3892 13.4511 3519.3892
  33.9940 3540.9283 3522.5775 13.4660 3522.5775
  34.0541 3544.0355 3525.7540 13.4809 3525.7540
  34.1141 3547.1311 3528.9187 13.4958 3528.9187
  34.1742 3550.2153 3532.0717 13.5106 3532.0717
  34.2342 3553.2879 3535.2129 13.5253 3535.2129
  34.2943 3556.3491 3538.3425 13.5400 3538.3425
  34.3544 3559.3989 3541.4604 13.5546 3541.4604
  34.4144 3562.4373 3544.5667 13.5692 3544.5667
  34.4745 3565.4644 3547.6615 13.5837 3547.6615
  34.5345 3568.4802 3550.7447 13.5982 3550.7447
  34.5946 3571.4847 3553.8164 13.6126 3553.8164
  34.6547 3574.4780 3556.8767 13.6269 3556.8767
  34.7147 3577.4600 3559.9255 13.6413 3559.9255
  34.7748 3580.4310 3562.9630 13.6555 3562.9630
  34.8348 3583.3908 3565.9891 13.6697 3565.9891
  34.8949 3586.3395 3569.0039 13.6839 3569.0039
  34.9550 3589.2772 3572.0075 13.6980 3572.0075
  35.0150 3592.2038 3574.9998 13.7121 3574.9998
  35.0751 3595.1195 3577.9809 13.7261 3577.9809
  35.1351 3598.0243 3580.9508 13.7400 3580.9508
  35.1952 3600.9181 3583.9096 13.7540 3583.9096
  35.2553 3603.8011 3586.8574 13.7678 3586.8574
  35.3153 3606.6732 3589.7940 13.7816 3589.7940
  35.3754 3609.5346 3592.7197 13.7954 3592.7197
  35.4354 3612.3851 3595.6343 13.8091 3595.6343
  35.4955 3615.2250 3598.5380 13.8227 3598.5380
  35.5556 3618.0541 3601.4308 13.8364 3601.4308
  35.6156 3620.8726 3604.3128 13.8499 3604.3128
  35.6757 3623.6805 3607.1838 13.8634 3607.1838
  35.7357 3626.4778 3610.0441 13.8769 3610.0441
  35.7958 3629.2645 3612.8936 13.8903 3612.8936
  35.8559 3632.0408 3615.7324 13.9037 3615.7324
  35.9159 3634.8065 3618.5605 13.9170 3618.5605
  35.9760 3637.5618 3621.3779 13.9303 3621.3779
  36.0360 3640.3067 3624.1847 13.9435 3624.1847
  36.0961 3643.0412 3626.9809 13.9566 3626.9809
  36.1562 3645.7653 3629.7665 13.9698 3629.7666
  36.2162 3648.4792 3632.5417 13.9828 3632.5417
  36.2763 3651.1827 3635.3063 13.9959 3635.3063
  36.3363 3653.8761 3638.0605 14.0088 3638.0605
  36.3964 3656.5592 3640.8042 14.0218 3640.8043
  36.4565 3659.2322 3643.5376 14.0347 3643.5376
  36.5165 3661.8950 3646.2607 14.0475 3646.2607
  36.5766 3664.5477 3648.9734 14.0603 3648.9734
  36.6366 3667.1904 3651.6758 14.0730 3651.6758
  36.6967 3669.8230 3654.3680 14.0857 3654.3680
  36.7568 3672.4456 3657.0500 14.0984 3657.0500
  36.8168 3675.0583 3659.7218 14.1110 3659.7218
  36.8769 3677.6610 3662.3835 14.1236 3662.3835
  36.9369 3680.2538 3665.0351 14.1361 3665.0351
  36.9970 3682.8367 3667.6766 14.1485 3667.6766
  37.0571 3685.4099 3670.3080 14.1609 3670.3080
  37.1171 3687.9732 3672.9295 14.1733 3672.9295
  37.1772 3690.5267 3675.5409 14.1857 3675.5410
  37.2372 3693.0705 3678.1425 14.1979 3678.1425
  37.2973 3695.6047 3680.7341 14.2102 3680.7341
  37.3574 3698.1291 3683.3159 14.2224 3683.3159
  37.4174 3700.6439 3685.8878 14.2345 3685.8878
  37.4775 3703.1492 3688.4499 14.2466 3688.4500
  37.5375 3705.6448 3691.0023 14.2587 3691.0023
  37.5976 3708.1309 3693.5449 14.2707 3693.5450
  37.6577 3710.6075 3696.0779 14.2827 3696.0779
  37.7177 3713.0747 3698.6011 14.2946 3698.6011
  37.7778 3715.5324 3701.1147 14.3065 3701.1147
  37.8378 3717.9807 3703.6187 14.3183 3703.6188
  37.8979 3720.4196 3706.1132 14.3301 3706.1132
  37.9580 3722.8492 3708.5981 14.3418 3708.5981
  38.0180 3725.2695 3711.0735 14.3535 3711.0735
  38.0781 3727.6805 3713.5394 14.3652 3713.5394
  38.1381 3730.0823 3715.9959 14.3768 3715.9959
  38.1982 3732.4748 3718.4430 14.3884 3718.4430
  38.2583 3734.8582 3720.8807 14.3999 3720.8807
  38.3183 3737.2324 3723.3091 14.4114 3723.3091
  38.3784 3739.5975 3725.7281 14.4229 3725.7281
  38.4384 3741.9536 3728.1379 14.4343 3728.1379
  38.4985 3744.3005 3730.5384 14.4456 3730.5385
  38.5586 3746.6385 3732.9298 14.4570 3732.9298
  38.6186 3748.9675 3735.3119 14.4682 3735.3119
  38.6787 3751.2875 3737.6849 14.4795 3737.6849
  38.7387 3753.5985 3740.0488 14.4907 3740.0488
  38.7988 3755.9007 3742.4035 14.5018 3742.4036
  38.8589 3758.1940 3744.7493 14.5129 3744.7493
  38.9189 3760.4785 3747.0860 14.5240 3747.0860
  38.9790 3762.7542 3749.4137 14.5350 3749.4137
  39.0390 3765.0211 3751.7325 14.5460 3751.7325
  39.0991 3767.2793 3754.0423 14.5569 3754.0423
  39.1592 3769.5287 3756.3432 14.5678 3756.3433
  39.2192 3771.7695 3758.6353 14.5787 3758.6353
  39.2793 3774.0017 3760.9185 14.5895 3760.9186
  39.3393 3776.2252 3763.1929 14.6003 3763.1930
  39.3994 3778.4401 3765.4586 14.6110 3765.4586
  39.4595 3780.6465 3767.7155 14.6217 3767.7155
  39.5195 3782.8443 3769.9637 14.6324 3769.9637
  39.5796 3785.0336 3772.2032 14.6430 3772.2033
  39.6396 3787.2145 3774.4341 14.6536 3774.4341
  39.6997 3789.3869 3776.6564 14.6641 3776.6564
  39.7598 3791.5510 3778.8700 14.6746 3778.8700
  39.8198 3793.7066 3781.0751 14.6851 3781.0752
  39.8799 3795.8539 3783.2717 14.6955 3783.2717
  39.9399 3797.9929 3785.4598 14.7059 3785.4598
  40.0000 3800.1236 3787.6394 14.7162 3787.6394
  40.0601 3802.2460 3789.8105 14.7265 3789.8106
  40.1201 3804.3602 3791.9733 14.7368 3791.9733
  40.1802 3806.4662 3794.1277 14.7470 3794.1277
  40.2402 3808.5640 3796.2737 14.7572 3796.2738
  40.3003 3810.6537 3798.4115 14.7674 3798.4115
  40.3604 3812.7353 3800.5409 14.7775 3800.5409
  40.4204 3814.8088 3802.6621 14.7875 3802.6621
  40.4805 3816.8742 3804.7750 14.7976 3804.7750
  40.5405 3818.9316 3806.8797 14.8076 3806.8797
  40.6006 3820.9810 3808.9763 14.8175 3808.9763
  40.6607 3823.0225 3811.0647 14.8274 3811.0647
  40.7207 3825.0560 3813.1451 14.8373 3813.1451
  40.7808 3827.0816 3815.2173 14.8472 3815.2173
  40.8408 3829.0993 3817.2815 14.8570 3817.2815
  40.9009 3831.1091 3819.3376 14.8667 3819.3376
  40.9610 3833.1111 3821.3858 14.8765 3821.3858
  41.0210 3835.1054 3823.4259 14.8862 3823.4259
  41.0811 3837.0918 3825.4582 14.8958 3825.4582
  41.1411 3839.0705 3827.4825 14.9054 3827.4825
  41.2012 3841.0415 3829.4989 14.9150 3829.4990
  41.2613 3843.0048 3831.5075 14.9246 3831.5075
  41.3213 3844.9605 3833.5083 14.9341 3833.5083
  41.3814 3846.9085 3835.5013 14.9436 3835.5013
  41.4414 3848.8489 3837.4865 14.9530 3837.4865
  41.5015 3850.7817 3839.4639 14.9624 3839.4639
  41.5616 3852.7070 3841.4337 14.9718 3841.4337
  41.6216 3854.6248 3843.3957 14.9811 3843.3957
  41.6817 3856.5351 3845.3501 14.9904 3845.3501
  41.7417 3858.4379 3847.2969 14.9997 3847.2969
  41.8018 3860.3332 3849.2360 15.0089 3849.2360
  41.8619 3862.2212 3851.1676 15.0181 3851.1676
  41.9219 3864.1018 3853.0916 15.0272 3853.0917
  41.9820 3865.9750 3855.0082 15.0363 3855.0082
  42.0420 3867.8408 3856.9172 15.0454 3856.9172
  42.1021 3869.6994 3858.8187 15.0545 3858.8187
  42.1622 3871.5507 3860.7128 15.0635 3860.7129
  42.2222 3873.3947 3862.5995 15.0725 3862.5996
  42.2823 3875.2316 3864.4789 15.0814 3864.4789
  42.3423 3877.0612 3866.3508 15.0903 3866.3509
  42.4024 3878.8836 3868.2155 15.0992 3868.2155
  42.4625 3880.6989 3870.0728 15.1081 3870.0728
  42.5225 3882.5071 3871.9228 15.1169 3871.9229
  42.5826 3884.3082 3873.7656 15.1256 3873.7657
  42.6426 3886.1022 3875.6012 15.1344 3875.6012
  42.7027 3887.8891 3877.4296 15.1431 3877.4296
  42.7628 3889.6691 3879.2508 15.1518 3879.2508
  42.8228 3891.4421 3881.0649 15.1604 3881.0649
  42.8829 3893.2081 3882.8718 15.1690 3882.8718
  42.9429 3894.9671 3884.6716 15.1776 3884.6717
  43.0030 3896.7193 3886.4644 15.1861 3886.4644
  43.0631 3898.4645 3888.2502 15.1946 3888.2502
  43.1231 3900.2029 3890.0289 15.2031 3890.0289
  43.1832 3901.9345 3891.8006 15.2116 3891.8006
  43.2432 3903.6592 3893.5654 15.2200 3893.5654
  43.3033 3905.3771 3895.3232 15.2284 3895.3232
  43.3634 3907.0883 3897.0741 15.2367 3897.0742
  43.4234 3908.7928 3898.8182 15.2450 3898.8182
  43.4835 3910.4905 3900.5553 15.2533 3900.5554
  43.5435 3912.1816 3902.2857 15.2615 3902.2857
  43.6036 3913.8660 3904.0092 15.2698 3904.0092
  43.6637 3915.5437 3905.7259 15.2779 3905.7260
  43.7237 3917.2149 3907.4359 15.2861 3907.4359
  43.7838 3918.8794 3909.1392 15.2942 3909.1392
  43.8438 3920.5374 3910.8357 15.3023 3910.8357
  43.9039 3922.1889 3912.5255 15.3104 3912.5256
  43.9640 3923.8338 3914.2087 15.3184 3914.2087
  44.0240 3925.4722 3915.8853 15.3264 3915.8853
  44.0841 3927.1042 3917.5552 15.3344 3917.5552
  44.1441 3928.7297 3919.2186 15.3423 3919.2186
  44.2042 3930.3488 3920.8754 15.3502 3920.8754
  44.2643 3931.9615 3922.5256 15.3581 3922.5256
  44.3243 3933.5679 3924.1693 15.3659 3924.1693
  44.3844 3935.1679 3925.8066 15.3737 3925.8066
  44.4444 3936.7615 3927.4374 15.3815 3927.4374
  44.5045 3938.3489 3929.0617 15.3893 3929.0617
  44.5646 3939.9300 3930.6796 15.3970 3930.6796
  44.6246 3941.5048 3932.2911 15.4047 3932.2911
  44.6847 3943.0734 3933.8963 15.4124 3933.8963
  44.7447 3944.6358 3935.4951 15.4200 3935.4951
  44.8048 3946.1920 3937.0876 15.4276 3937.0876
  44.8649 3947.7421 3938.6738 15.4352 3938.6738
  44.9249 3949.2860 3940.2537 15.4427 3940.2537
  44.9850 3950.8238 3941.8273 15.4502 3941.8274
  45.0450 3952.3555 3943.3948 15.4577 3943.3948
  45.1051 3953.8811 3944.9560 15.4652 3944.9560
  45.1652 3955.4007 3946.5110 15.4726 3946.5111
  45.2252 3956.9143 3948.0599 15.4800 3948.0599
  45.2853 3958.4219 3949.6027 15.4874 3949.6027
  45.3453 3959.9235 3951.1393 15.4947 3951.1393
  45.4054 3961.4191 3952.6699 15.5020 3952.6699
  45.4655 3962.9088 3954.1944 15.5093 3954.1944
  45.5255 3964.3926 3955.7128 15.5166 3955.7128
  45.5856 3965.8705 3957.2252 15.5238 3957.2252
  45.6456 3967.3425 3958.7316 15.5310 3958.7316
  45.7057 3968.8087 3960.2321 15.5382 3960.2321
  45.7658 3970.2691 3961.7265 15.5453 3961.7266
  45.8258 3971.7236 3963.2151 15.5524 3963.2151
  45.8859 3973.1724 3964.6977 15.5595 3964.6978
  45.9459 3974.6154 3966.1745 15.5666 3966.1745
  46.0060 3976.0527 3967.6454 15.5736 3967.6454
  46.0661 3977.4843 3969.1105 15.5806 3969.1105
  46.1261 3978.9102 3970.5697 15.5876 3970.5697
  46.1862 3980.3304 3972.0231 15.5945 3972.0231
  46.2462 3981.7450 3973.4708 15.6014 3973.4708
  46.3063 3983.1539 3974.9127 15.6083 3974.9127
  46.3664 3984.5573 3976.3489 15.6152 3976.3489
  46.4264 3985.9550 3977.7793 15.6221 3977.7793
  46.4865 3987.3472 3979.2041 15.6289 3979.2041
  46.5465 3988.7338 3980.6232 15.6357 3980.6232
  46.6066 3990.1150 3982.0366 15.6424 3982.0367
  46.6667 3991.4906 3983.4445 15.6491 3983.4445
  46.7267 3992.8607 3984.8467 15.6559 3984.8467
  46.7868 3994.2254 3986.2433 15.6625 3986.2434
  46.8468 3995.5847 3987.6344 15.6692 3987.6344
  46.9069 3996.9385 3989.0200 15.6758 3989.0200
  46.9670 3998.2869 3990.4000 15.6824 3990.4000
  47.0270 3999.6300 3991.7745 15.6890 3991.7745
  47.0871 4000.9677 3993.1436 15.6956 3993.1436
  47.1471 4002.3000 3994.5072 15.7021 3994.5072
  47.2072 4003.6271 3995.8653 15.7086 3995.8653
  47.2673 4004.9488 3997.2181 15.7151 3997.2181
  47.3273 4006.2653 3998.5654 15.7215 3998.5654
  47.3874 4007.5765 3999.9074 15.7279 3999.9074
  47.4474 4008.8825 4001.2440 15.7343 4001.2440
  47.5075 4010.1833 4002.5753 15.7407 4002.5753
  47.5676 4011.4789 4003.9012 15.7470 4003.9013
  47.6276 4012.7693 4005.2219 15.7534 4005.2219
  47.6877 4014.0545 4006.5373 15.7597 4006.5373
  47.7477 4015.3346 4007.8475 15.7659 4007.8475
  47.8078 4016.6096 4009.1524 15.7722 4009.1524
  47.8679 4017.8795 4010.4521 15.7784 4010.4521
  47.9279 4019.1443 4011.7466 15.7846 4011.7467
  47.9880 4020.4041 4013.0360 15.7908 4013.0360
  48.0480 4021.6588 4014.3202 15.7969 4014.3202
  48.1081 4022.9086 4015.5992 15.8031 4015.5993
  48.1682 4024.1533 4016.8732 15.8092 4016.8732
  48.2282 4025.3930 4018.1420 15.8152 4018.1421
  48.2883 4026.6278 4019.4058 15.8213 4019.4058
  48.3483 4027.8576 4020.6646 15.8273 4020.6646
  48.4084 4029.0825 4021.9182 15.8333 4021.9183
  48.4685 4030.3025 4023.1669 15.8393 4023.1669
  48.5285 4031.5176 4024.4106 15.8453 4024.4106
  48.5886 4032.7279 4025.6493 15.8512 4025.6493
  48.6486 4033.9333 4026.8830 15.8571 4026.8830
  48.7087 4035.1338 4028.1118 15.8630 4028.1119
  48.7688 4036.3296 4029.3357 15.8689 4029.3357
  48.8288 4037.5206 4030.5547 15.8747 4030.5547
  48.8889 4038.7068 4031.7688 15.8805 4031.7688
  48.9489 4039.8882 4032.9780 15.8863 4032.9780
  49.0090 4041.0649 4034.1824 15.8921 4034.1824
  49.0691 4042.2369 4035.3820 15.8979 4035.3820
  49.1291 4043.4042 4036.5767 15.9036 4036.5768
  49.1892 4044.5668 4037.7667 15.9093 4037.7667
  49.2492 4045.7247 4038.9519 15.9150 4038.9519
  49.3093 4046.8780 4040.1323 15.9206 4040.1324
  49.3694 4048.0267 4041.3081 15.9263 4041.3081
  49.4294 4049.1707 4042.4790 15.9319 4042.4791
  49.4895 4050.3102 4043.6453 15.9375 4043.6453
  49.5495 4051.4451 4044.8070 15.9430 4044.8070
  49.6096 4052.5754 4045.9639 15.9486 4045.9639
  49.6697 4053.7012 4047.1162 15.9541 4047.1162
  49.7297 4054.8225 4048.2639 15.9596 4048.2639
  49.7898 4055.9392 4049.4070 15.9651 4049.4070
  49.8498 4057.0515 4050.5455 15.9706 4050.5455
  49.9099 4058.1593 4051.6794 15.9760 4051.6794
  49.9700 4059.2627 4052.8087 15.9814 4052.8087
  50.0300 4060.3616 4053.9336 15.9868 4053.9336
  50.0901 4061.4561 4055.0539 15.9922 4055.0539
  50.1502 4062.5462 4056.1697 15.9975 4056.1697
  50.2102 4063.6319 4057.2810 16.0029 4057.2810
  50.2703 4064.7133 4058.3878 16.0082 4058.3878
  50.3303 4065.7903 4059.4902 16.0135 4059.4902
  50.3904 4066.8629 4060.5882 16.0187 4060.5882
  50.4505 4067.9313 4061.6817 16.0240 4061.6818
  50.5105 4068.9954 4062.7709 16.0292 4062.7709
  50.5706 4070.0551 4063.8557 16.0344 4063.8557
  50.6306 4071.1106 4064.9361 16.0396 4064.9361
  50.6907 4072.1619 4066.0121 16.0448 4066.0122
  50.7508 4073.2089 4067.0839 16.0499 4067.0839
  50.8108 4074.2517 4068.1513 16.0550 4068.1513
  50.8709 4075.2903 4069.2144 16.0601 4069.2144
  50.9309 4076.3247 4070.2733 16.0652 4070.2733
  50.9910 4077.3550 4071.3278 16.0703 4071.3278
  51.0511 4078.3811 4072.3782 16.0753 4072.3782
  51.1111 4079.4031 4073.4243 16.0804 4073.4243
  51.1712 4080.4209 4074.4662 16.0854 4074.4662
  51.2312 4081.4347 4075.5039 16.0903 4075.5039
  51.2913 4082.4443 4076.5374 16.0953 4076.5374
  51.3514 4083.4499 4077.5667 16.1002 4077.5667
  51.4114 4084.4515 4078.5919 16.1052 4078.5919
  51.4715 4085.4490 4079.6130 16.1101 4079.6130
  51.5315 4086.4424 4080.6299 16.1150 4080.6299
  51.5916 4087.4319 4081.6428 16.1198 4081.6428
  51.6517 4088.4174 4082.6515 16.1247 4082.6516
  51.7117 4089.3989 4083.6562 16.1295 4083.6562
  51.7718 4090.3764 4084.6569 16.1343 4084.6569
  51.8318 4091.3500 4085.6535 16.1391 4085.6535
  51.8919 4092.3197 4086.6461 16.1438 4086.6461
  51.9520 4093.2854 4087.6347 16.1486 4087.6347
  52.0120 4094.2473 4088.6193 16.1533 4088.6193
  52.0721 4095.2052 4089.5999 16.1580 4089.5999
  52.1321 4096.1593 4090.5765 16.1627 4090.5766
  52.1922 4097.1096 4091.5493 16.1674 4091.5493
  52.2523 4098.0560 4092.5180 16.1721 4092.5181
  52.3123 4098.9986 4093.4829 16.1767 4093.4829
  52.3724 4099.9373 4094.4439 16.1813 4094.4439
  52.4324 4100.8723 4095.4010 16.1859 4095.4010
  52.4925 4101.8035 4096.3543 16.1905 4096.3543
  52.5526 4102.7310 4097.3036 16.1950 4097.3037
  52.6126 4103.6546 4098.2492 16.1996 4098.2492
  52.6727 4104.5746 4099.1909 16.2041 4099.1909
  52.7327 4105.4908 4100.1288 16.2086 4100.1289
  52.7928 4106.4034 4101.0630 16.2131 4101.0630
  52.8529 4107.3122 4101.9933 16.2176 4101.9934
  52.9129 4108.2174 4102.9199 16.2220 4102.9200
  52.9730 4109.1189 4103.8428 16.2265 4103.8428
  53.0330 4110.0167 4104.7619 16.2309 4104.7619
  53.0931 4110.9109 4105.6773 16.2353 4105.6773
  53.1532 4111.8015 4106.5890 16.2397 4106.5890
  53.2132 4112.6885 4107.4970 16.2440 4107.4970
  53.2733 4113.5720 4108.4013 16.2484 4108.4014
  53.3333 4114.4518 4109.3020 16.2527 4109.3020
  53.3934 4115.3281 4110.1991 16.2570 4110.1991
  53.4535 4116.2008 4111.0925 16.2613 4111.0925
  53.5135 4117.0700 4111.9822 16.2656 4111.9823
  53.5736 4117.9356 4112.8684 16.2699 4112.8685
  53.6336 4118.7978 4113.7510 16.2741 4113.7511
  53.6937 4119.6565 4114.6300 16.2783 4114.6301
  53.7538 4120.5117 4115.5055 16.2825 4115.5055
  53.8138 4121.3634 4116.3774 16.2867 4116.3775
  53.8739 4122.2117 4117.2458 16.2909 4117.2459
  53.9339 4123.0565 4118.1107 16.2951 4118.1107
  53.9940 4123.8979 4118.9721 16.2992 4118.9721
  54.0541 4124.7359 4119.8299 16.3033 4119.8300
  54.1141 4125.5705 4120.6843 16.3074 4120.6844
  54.1742 4126.4018 4121.5353 16.3115 4121.5353
  54.2342 4127.2296 4122.3828 16.3156 4122.3828
  54.2943 4128.0541 4123.2268 16.3197 4123.2269
  54.3544 4128.8753 4124.0675 16.3237 4124.0675
  54.4144 4129.6931 4124.9047 16.3277 4124.9047
  54.4745 4130.5076 4125.7385 16.3318 4125.7386
  54.5345 4131.3188 4126.5690 16.3357 4126.5690
  54.5946 4132.1267 4127.3961 16.3397 4127.3961
  54.6547 4132.9313 4128.2198 16.3437 4128.2198
  54.7147 4133.7327 4129.0402 16.3476 4129.0402
  54.7748 4134.5308 4129.8572 16.3516 4129.8573
  54.8348 4135.3257 4130.6710 16.3555 4130.6710
  54.8949 4136.1174 4131.4814 16.3594 4131.4815
  54.9550 4136.9058 4132.2886 16.3633 4132.2886
  55.0150 4137.6910 4133.0925 16.3671 4133.0925
  55.0751 4138.4731 4133.8931 16.3710 4133.8931
  55.1351 4139.2520 4134.6904 16.3748 4134.6905
  55.1952 4140.0277 4135.4846 16.3786 4135.4846
  55.2553 4140.8002 4136.2755 16.3824 4136.2755
  55.3153 4141.5696 4137.0632 16.3862 4137.0632
  55.3754 4142.3359 4137.8477 16.3900 4137.8477
  55.4354 4143.0991 4138.6290 16.3938 4138.6290
  55.4955 4143.8592 4139.4071 16.3975 4139.4072
  55.5556 4144.6162 4140.1821 16.4012 4140.1821
  55.6156 4145.3701 4140.9539 16.4050 4140.9540
  55.6757 4146.1210 4141.7226 16.4087 4141.7227
  55.7357 4146.8688 4142.4882 16.4123 4142.4882
  55.7958 4147.6135 4143.2506 16.4160 4143.2507
  55.8559 4148.3552 4144.0100 16.4197 4144.0101
  55.9159 4149.0940 4144.7663 16.4233 4144.7663
  55.9760 4149.8297 4145.5195 16.4269 4145.5195
  56.0360 4150.5624 4146.2696 16.4305 4146.2697
  56.0961 4151.2921 4147.0167 16.4341 4147.0168
  56.1562 4152.0189 4147.7608 16.4377 4147.7608
  56.2162 4152.7427 4148.5018 16.4413 4148.5018
  56.2763 4153.4636 4149.2398 16.4448 4149.2399
  56.3363 4154.1815 4149.9748 16.4484 4149.9749
  56.3964 4154.8966 4150.7068 16.4519 4150.7069
  56.4565 4155.6087 4151.4359 16.4554 4151.4359
  56.5165 4156.3179 4152.1620 16.4589 4152.1620
  56.5766 4157.0242 4152.8851 16.4624 4152.8852
  56.6366 4157.7277 4153.6053 16.4659 4153.6053
  56.6967 4158.4282 4154.3225 16.4693 4154.3226
  56.7568 4159.1260 4155.0369 16.4728 4155.0369
  56.8168 4159.8209 4155.7483 16.4762 4155.7484
  56.8769 4160.5129 4156.4568 16.4796 4156.4569
  56.9369 4161.2022 4157.1625 16.4830 4157.1625
  56.9970 4161.8886 4157.8652 16.4864 4157.8653
  57.0571 4162.5723 4158.5652 16.4898 4158.5652
  57.1171 4163.2531 4159.2622 16.4931 4159.2623
  57.1772 4163.9312 4159.9564 16.4965 4159.9565
  57.2372 4164.6065 4160.6478 16.4998 4160.6479
  57.2973 4165.2791 4161.3364 16.5031 4161.3365
  57.3574 4165.9489 4162.0222 16.5064 4162.0223
  57.4174 4166.6161 4162.7052 16.5097 4162.7053
  57.4775 4167.2804 4163.3854 16.5130 4163.3855
  57.5375 4167.9421 4164.0628 16.5162 4164.0629
  57.5976 4168.6011 4164.7375 16.5195 4164.7376
  57.6577 4169.2574 4165.4094 16.5227 4165.4095
  57.7177 4169.9110 4166.0786 16.5259 4166.0787
  57.7778 4170.5620 4166.7451 16.5292 4166.7452
  57.8378 4171.2103 4167.4088 16.5324 4167.4089
  57.8979 4171.8559 4168.0698 16.5355 4168.0699
  57.9580 4172.4990 4168.7282 16.5387 4168.7283
  58.0180 4173.1394 4169.3838 16.5419 4169.3839
  58.0781 4173.7771 4170.0368 16.5450 4170.0369
  58.1381 4174.4123 4170.6872 16.5481 4170.6873
  58.1982 4175.0449 4171.3348 16.5513 4171.3349
  58.2583 4175.6750 4171.9799 16.5544 4171.9800
  58.3183 4176.3024 4172.6223 16.5575 4172.6224
  58.3784 4176.9273 4173.2620 16.5606 4173.2621
  58.4384 4177.5496 4173.8992 16.5636 4173.8993
  58.4985 4178.1694 4174.5338 16.5667 4174.5339
  58.5586 4178.7867 4175.1658 16.5697 4175.1659
  58.6186 4179.4015 4175.7952 16.5728 4175.7953
  58.6787 4180.0137 4176.4220 16.5758 4176.4221
  58.7387 4180.6234 4177.0463 16.5788 4177.0464
  58.7988 4181.2307 4177.6680 16.5818 4177.6681
  58.8589 4181.8355 4178.2872 16.5848 4178.2873
  58.9189 4182.4378 4178.9039 16.5877 4178.9040
  58.9790 4183.0376 4179.5180 16.5907 4179.5181
  59.0390 4183.6350 4180.1297 16.5937 4180.1298
  59.0991 4184.2300 4180.7388 16.5966 4180.7389
  59.1592 4184.8225 4181.3455 16.5995 4181.3456
  59.2192 4185.4126 4181.9496 16.6024 4181.9498
  59.2793 4186.0003 4182.5514 16.6053 4182.5515
  59.3393 4186.5856 4183.1506 16.6082 4183.1507
  59.3994 4187.1685 4183.7474 16.6111 4183.7475
  59.4595 4187.7490 4184.3418 16.6140 4184.3419
  59.5195 4188.3272 4184.9337 16.6168 4184.9339
  59.5796 4188.9030 4185.5233 16.6197 4185.5234
  59.6396 4189.4764 4186.1104 16.6225 4186.1105
  59.6997 4190.0475 4186.6951 16.6253 4186.6952
  59.7598 4190.6163 4187.2774 16.6281 4187.2776
  59.8198 4191.1827 4187.8574 16.6309 4187.8575
  59.8799 4191.7468 4188.4350 16.6337 4188.4351
  59.9399 4192.3086 4189.0102 16.6365 4189.0103
  60.0000 4192.8682 4189.5831 16.6392 4189.5832
