     time      11      10      00        01
   0.0000  0.0000  0.0000  0.0000    0.0000
   0.0601  0.0372  0.0372  0.0372    0.0372
   0.1201  0.1478  0.1478  0.1478    0.1478
   0.1802  0.3302  0.3302  0.3302    0.3302
   0.2402  0.5828  0.5828  0.5828    0.5828
   0.3003  0.9040  0.9040  0.9041    0.9041
   0.3604  1.2919  1.2919  1.2923    1.2923
   0.4204  1.7447  1.7447  1.7458    1.7458
   0.4805  2.2599  2.2599  2.2627    2.2627
   0.5405  2.8346  2.8345  2.8407    2.8407
   0.6006  3.4653  3.4651  3.4773    3.4775
   0.6607  4.1480  4.1476  4.1698    4.1702
   0.7207  4.8784  4.8775  4.9150    4.9160
   0.7808  5.6516  5.6499  5.7098    5.7118
   0.8408  6.4626  6.4595  6.5507    6.5543
   0.9009  7.3062  7.3008  7.4339    7.4401
   0.9610  8.1768  8.1683  8.3559    8.3660
   1.0210  9.0693  9.0560  9.3127    9.3285
   1.0811  9.9779  9.9582 10.3005   10.3244
   1.1411 10.8974 10.8690 11.3153   11.3503
   1.2012 11.8223 11.7825 12.3531   12.4030
   1.2613 12.7472 12.6930 13.4100   13.4793
   1.3213 13.6669 13.5947 14.4820   14.5760
   1.3814 14.5763 14.4820 15.5649   15.6900
   1.4414 15.4703 15.3494 16.6548   16.8185
   1.5015 16.3442 16.1917 17.7475   17.9584
   1.5616 17.1932 17.0039 18.8391   19.1069
   1.6216 18.0130 17.7814 19.9256   20.2614
   1.6817 18.7995 18.5199 21.0030   21.4190
   1.7417 19.5488 19.2156 22.0673   22.5774
   1.8018 20.2575 19.8652 23.1147   23.7339
   1.8619 20.9225 20.4660 24.1413   24.8863
   1.9219 21.5414 21.0162 25.1435   26.0323
   1.9820 22.1121 21.5144 26.1175   27.1698
   2.0420 22.6333 21.9604 27.0600   28.2966
   2.1021 23.1042 22.3548 27.9675   29.4109
   2.1622 23.5250 22.6992 28.8367   30.5108
   2.2222 23.8965 22.9960 29.6647   31.5946
   2.2823 24.2206 23.2487 30.4488   32.6607
   2.3423 24.4998 23.4614 31.1863   33.7076
   2.4024 24.7374 23.6388 31.8752   34.7340
   2.4625 24.9376 23.7858 32.5135   35.7385
   2.5225 25.1048 23.9072 33.1000   36.7200
   2.5826 25.2435 24.0076 33.6338   37.6775
   2.6426 25.3584 24.0908 34.1147   38.6100
   2.7027 25.4534 24.1602 34.5429   39.5168
   2.7628 25.5323 24.2184 34.9198   40.3971
   2.8228 25.5982 24.2675 35.2471   41.2503
   2.8829 25.6533 24.3092 35.5277   42.0760
   2.9429 25.6998 24.3445 35.7649   42.8737
   3.0030 25.7390 24.3745 35.9629   43.6433
   3.0631 25.7721 24.4000 36.1261   44.3845
   3.1231 25.8001 24.4216 36.2594   45.0973
   3.1832 25.8236 24.4397 36.3674   45.7818
   3.2432 25.8432 24.4547 36.4545   46.4379
   3.3033 25.8594 24.4671 36.5246   47.0661
   3.3634 25.8727 24.4770 36.5807   47.6665
   3.4234 25.8833 24.4848 36.6257   48.2396
   3.4835 25.8916 24.4907 36.6615   48.7858
   3.5435 25.8977 24.4948 36.6898   49.3057
   3.6036 25.9019 24.4973 36.7117   49.8000
   3.6637 25.9043 24.4983 36.7283   50.2692
   3.7237 25.9052 24.4980 36.7402   50.7142
   3.7838 25.9046 24.4965 36.7483   51.1357
   3.8438 25.9027 24.4938 36.7528   51.5346
   3.9039 25.8996 24.4901 36.7543   51.9117
   3.9640 25.8953 24.4854 36.7531   52.2680
   4.0240 25.8901 24.4799 36.7495   52.6044
   4.0841 25.8838 24.4735 36.7438   52.9217
   4.1441 25.8767 24.4663 36.7361   53.2211
   4.2042 25.8688 24.4584 36.7267   53.5034
   4.2643 25.8601 24.4499 36.7157   53.7696
   4.3243 25.8507 24.4407 36.7033   54.0205
   4.3844 25.8406 24.4309 36.6895   54.2572
   4.4444 25.8299 24.4206 36.6746   54.4805
   4.5045 25.8186 24.4097 36.6585   54.6913
   4.5646 25.8068 24.3984 36.6414   54.8903
   4.6246 25.7944 24.3865 36.6234   55.0785
   4.6847 25.7816 24.3743 36.6046   55.2564
   4.7447 25.7683 24.3616 36.5849   55.4249
   4.8048 25.7546 24.3486 36.5645   55.5846
   4.8649 25.7404 24.3352 36.5434   55.7362
   4.9249 25.7259 24.3214 36.5216   55.8801
   4.9850 25.7110 24.3073 36.4993   56.0170
   5.0450 25.6958 24.2929 36.4763   56.1473
   5.1051 25.6802 24.2782 36.4529   56.2716
   5.1652 25.6644 24.2632 36.4290   56.3902
   5.2252 25.6482 24.2480 36.4046   56.5035
   5.2853 25.6318 24.2325 36.3798   56.6120
   5.3453 25.6150 24.2167 36.3545   56.7160
   5.4054 25.5981 24.2007 36.3289   56.8158
   5.4655 25.5809 24.1845 36.3029   56.9116
   5.5255 25.5635 24.1681 36.2766   57.0038
   5.5856 25.5458 24.1515 36.2500   57.0925
   5.6456 25.5279 24.1347 36.2230   57.1781
   5.7057 25.5099 24.1177 36.1958   57.2607
   5.7658 25.4916 24.1005 36.1683   57.3405
   5.8258 25.4732 24.0832 36.1406   57.4178
   5.8859 25.4546 24.0657 36.1126   57.4926
   5.9459 25.4359 24.0481 36.0843   57.5652
   6.0060 25.4169 24.0303 36.0559   57.6357
   6.0661 25.3979 24.0123 36.0272   57.7042
   6.1261 25.3786 23.9942 35.9983   57.7709
   6.1862 25.3593 23.9760 35.9693   57.8359
   6.2462 25.3398 23.9577 35.9401   57.8992
   6.3063 25.3202 23.9393 35.9107   57.9611
   6.3664 25.3004 23.9207 35.8811   58.0216
   6.4264 25.2806 23.9020 35.8514   58.0808
   6.4865 25.2606 23.8833 35.8215   58.1388
   6.5465 25.2405 23.8644 35.7915   58.1957
   6.6066 25.2204 23.8454 35.7614   58.2516
   6.6667 25.2001 23.8264 35.7312   58.3065
   6.7267 25.1797 23.8072 35.7008   58.3605
   6.7868 25.1592 23.7880 35.6703   58.4137
   6.8468 25.1387 23.7687 35.6397   58.4663
   6.9069 25.1181 23.7493 35.6090   58.5181
   6.9670 25.0974 23.7298 35.5782   58.5694
   7.0270 25.0766 23.7102 35.5473   58.6201
   7.0871 25.0557 23.6906 35.5163   58.6703
   7.1471 25.0348 23.6709 35.4852   58.7201
   7.2072 25.0138 23.6512 35.4540   58.7696
   7.2673 24.9927 23.6314 35.4228   58.8188
   7.3273 24.9715 23.6115 35.3915   58.8677
   7.3874 24.9504 23.5916 35.3601   58.9165
   7.4474 24.9291 23.5716 35.3286   58.9651
   7.5075 24.9078 23.5515 35.2971   59.0136
   7.5676 24.8864 23.5315 35.2655   59.0620
   7.6276 24.8650 23.5113 35.2339   59.1105
   7.6877 24.8436 23.4911 35.2022   59.1591
   7.7477 24.8220 23.4709 35.1705   59.2078
   7.8078 24.8005 23.4506 35.1387   59.2567
   7.8679 24.7789 23.4303 35.1068   59.3057
   7.9279 24.7572 23.4099 35.0749   59.3551
   7.9880 24.7356 23.3896 35.0430   59.4048
   8.0480 24.7138 23.3691 35.0110   59.4548
   8.1081 24.6921 23.3487 34.9790   59.5053
   8.1682 24.6703 23.3281 34.9469   59.5562
   8.2282 24.6485 23.3076 34.9148   59.6077
   8.2883 24.6266 23.2870 34.8827   59.6598
   8.3483 24.6047 23.2665 34.8506   59.7125
   8.4084 24.5828 23.2458 34.8184   59.7659
   8.4685 24.5608 23.2252 34.7862   59.8201
   8.5285 24.5389 23.2045 34.7539   59.8751
   8.5886 24.5169 23.1838 34.7217   59.9309
   8.6486 24.4948 23.1631 34.6894   59.9877
   8.7087 24.4728 23.1423 34.6571   60.0455
   8.7688 24.4507 23.1215 34.6247   60.1044
   8.8288 24.4286 23.1007 34.5924   60.1643
   8.8889 24.4065 23.0799 34.5600   60.2255
   8.9489 24.3844 23.0591 34.5276   60.2880
   9.0090 24.3622 23.0382 34.4952   60.3518
   9.0691 24.3400 23.0174 34.4628   60.4171
   9.1291 24.3179 22.9965 34.4304   60.4838
   9.1892 24.2956 22.9756 34.3979   60.5522
   9.2492 24.2734 22.9547 34.3655   60.6222
   9.3093 24.2512 22.9337 34.3330   60.6941
   9.3694 24.2289 22.9128 34.3006   60.7678
   9.4294 24.2067 22.8918 34.2681   60.8434
   9.4895 24.1844 22.8709 34.2356   60.9212
   9.5495 24.1621 22.8499 34.2031   61.0011
   9.6096 24.1398 22.8289 34.1706   61.0834
   9.6697 24.1175 22.8079 34.1381   61.1680
   9.7297 24.0952 22.7869 34.1056   61.2553
   9.7898 24.0729 22.7658 34.0731   61.3452
   9.8498 24.0506 22.7448 34.0406   61.4379
   9.9099 24.0282 22.7238 34.0081   61.5337
   9.9700 24.0059 22.7027 33.9756   61.6325
  10.0300 23.9835 22.6817 33.9431   61.7347
  10.0901 23.9612 22.6606 33.9105   61.8403
  10.1502 23.9388 22.6396 33.8780   61.9496
  10.2102 23.9165 22.6185 33.8455   62.0627
  10.2703 23.8941 22.5975 33.8130   62.1799
  10.3303 23.8717 22.5764 33.7805   62.3013
  10.3904 23.8494 22.5553 33.7480   62.4272
  10.4505 23.8270 22.5342 33.7155   62.5578
  10.5105 23.8046 22.5131 33.6830   62.6934
  10.5706 23.7822 22.4921 33.6506   62.8342
  10.6306 23.7599 22.4710 33.6181   62.9805
  10.6907 23.7375 22.4499 33.5856   63.1326
  10.7508 23.7151 22.4288 33.5532   63.2907
  10.8108 23.6927 22.4077 33.5207   63.4553
  10.8709 23.6703 22.3866 33.4883   63.6265
  10.9309 23.6480 22.3656 33.4558   63.8048
  10.9910 23.6256 22.3445 33.4234   63.9905
  11.0511 23.6032 22.3234 33.3910   64.1840
  11.1111 23.5808 22.3023 33.3586   64.3857
  11.1712 23.5585 22.2812 33.3262   64.5959
  11.2312 23.5361 22.2602 33.2938   64.8150
  11.2913 23.5137 22.2391 33.2614   65.0435
  11.3514 23.4914 22.2180 33.2291   65.2819
  11.4114 23.4690 22.1969 33.1967   65.5304
  11.4715 23.4467 22.1759 33.1644   65.7896
  11.5315 23.4243 22.1548 33.1320   66.0598
  11.5916 23.4020 22.1338 33.0997   66.3416
  11.6517 23.3796 22.1127 33.0674   66.6354
  11.7117 23.3573 22.0917 33.0351   66.9416
  11.7718 23.3350 22.0706 33.0029   67.2606
  11.8318 23.3127 22.0496 32.9706   67.5930
  11.8919 23.2903 22.0285 32.9384   67.9390
  11.9520 23.2680 22.0075 32.9061   68.2990
  12.0120 23.2457 21.9865 32.8739   68.6736
  12.0721 23.2234 21.9655 32.8417   69.0629
  12.1321 23.2012 21.9445 32.8095   69.4675
  12.1922 23.1789 21.9235 32.7774   69.8876
  12.2523 23.1566 21.9025 32.7452   70.3235
  12.3123 23.1343 21.8815 32.7131   70.7755
  12.3724 23.1121 21.8605 32.6810   71.2439
  12.4324 23.0898 21.8395 32.6489   71.7289
  12.4925 23.0676 21.8186 32.6168   72.2307
  12.5526 23.0454 21.7976 32.5847   72.7495
  12.6126 23.0232 21.7767 32.5527   73.2854
  12.6727 23.0009 21.7557 32.5206   73.8387
  12.7327 22.9787 21.7348 32.4886   74.4095
  12.7928 22.9565 21.7139 32.4566   74.9978
  12.8529 22.9344 21.6929 32.4247   75.6037
  12.9129 22.9122 21.6720 32.3927   76.2273
  12.9730 22.8900 21.6511 32.3608   76.8687
  13.0330 22.8679 21.6302 32.3288   77.5279
  13.0931 22.8457 21.6094 32.2969   78.2049
  13.1532 22.8236 21.5885 32.2651   78.8997
  13.2132 22.8015 21.5676 32.2332   79.6123
  13.2733 22.7794 21.5468 32.2014   80.3427
  13.3333 22.7573 21.5259 32.1695   81.0908
  13.3934 22.7352 21.5051 32.1377   81.8567
  13.4535 22.7131 21.4843 32.1060   82.6402
  13.5135 22.6910 21.4635 32.0742   83.4414
  13.5736 22.6690 21.4427 32.0425   84.2601
  13.6336 22.6470 21.4219 32.0108   85.0964
  13.6937 22.6249 21.4011 31.9791   85.9500
  13.7538 22.6029 21.3804 31.9474   86.8210
  13.8138 22.5809 21.3596 31.9157   87.7093
  13.8739 22.5589 21.3389 31.8841   88.6147
  13.9339 22.5369 21.3181 31.8525   89.5372
  13.9940 22.5150 21.2974 31.8209   90.4766
  14.0541 22.4930 21.2767 31.7893   91.4330
  14.1141 22.4711 21.2560 31.7578   92.4061
  14.1742 22.4491 21.2353 31.7263   93.3959
  14.2342 22.4272 21.2147 31.6948   94.4023
  14.2943 22.4053 21.1940 31.6633   95.4251
  14.3544 22.3834 21.1733 31.6318   96.4642
  14.4144 22.3615 21.1527 31.6004   97.5196
  14.4745 22.3397 21.1321 31.5690   98.5911
  14.5345 22.3178 21.1115 31.5376   99.6786
  14.5946 22.2960 21.0909 31.5062  100.7820
  14.6547 22.2742 21.0703 31.4749  101.9011
  14.7147 22.2524 21.0497 31.4436  103.0358
  14.7748 22.2306 21.0292 31.4123  104.1861
  14.8348 22.2088 21.0086 31.3810  105.3518
  14.8949 22.1870 20.9881 31.3497  106.5328
  14.9550 22.1653 20.9675 31.3185  107.7289
  15.0150 22.1435 20.9470 31.2873  108.9400
  15.0751 22.1218 20.9265 31.2561  110.1661
  15.1351 22.1001 20.9061 31.2250  111.4069
  15.1952 22.0784 20.8856 31.1938  112.6624
  15.2553 22.0567 20.8651 31.1627  113.9325
  15.3153 22.0351 20.8447 31.1316  115.2170
  15.3754 22.0134 20.8243 31.1006  116.5157
  15.4354 21.9918 20.8039 31.0695  117.8287
  15.4955 21.9702 20.7835 31.0385  119.1557
  15.5556 21.9486 20.7631 31.0075  120.4966
  15.6156 21.9270 20.7427 30.9766  121.8514
  15.6757 21.9054 20.7223 30.9456  123.2198
  15.7357 21.8838 20.7020 30.9147  124.6018
  15.7958 21.8623 20.6817 30.8838  125.9972
  15.8559 21.8408 20.6614 30.8530  127.4060
  15.9159 21.8193 20.6411 30.8221  128.8280
  15.9760 21.7978 20.6208 30.7913  130.2630
  16.0360 21.7763 20.6005 30.7605  131.7110
  16.0961 21.7548 20.5802 30.7297  133.1719
  16.1562 21.7334 20.5600 30.6990  134.6455
  16.2162 21.7119 20.5398 30.6683  136.1317
  16.2763 21.6905 20.5196 30.6376  137.6305
  16.3363 21.6691 20.4994 30.6069  139.1416
  16.3964 21.6477 20.4792 30.5763  140.6649
  16.4565 21.6263 20.4590 30.5456  142.2004
  16.5165 21.6050 20.4388 30.5151  143.7480
  16.5766 21.5836 20.4187 30.4845  145.3075
  16.6366 21.5623 20.3986 30.4539  146.8787
  16.6967 21.5410 20.3785 30.4234  148.4617
  16.7568 21.5197 20.3584 30.3929  150.0563
  16.8168 21.4984 20.3383 30.3625  151.6624
  16.8769 21.4772 20.3182 30.3320  153.2798
  16.9369 21.4559 20.2982 30.3016  154.9084
  16.9970 21.4347 20.2781 30.2712  156.5483
  17.0571 21.4135 20.2581 30.2408  158.1991
  17.1171 21.3923 20.2381 30.2105  159.8609
  17.1772 21.3711 20.2181 30.1802  161.5335
  17.2372 21.3500 20.1982 30.1499  163.2168
  17.2973 21.3288 20.1782 30.1196  164.9108
  17.3574 21.3077 20.1583 30.0894  166.6152
  17.4174 21.2866 20.1383 30.0592  168.3301
  17.4775 21.2655 20.1184 30.0290  170.0552
  17.5375 21.2444 20.0985 29.9988  171.7906
  17.5976 21.2233 20.0786 29.9687  173.5360
  17.6577 21.2023 20.0588 29.9386  175.2915
  17.7177 21.1813 20.0389 29.9085  177.0568
  17.7778 21.1603 20.0191 29.8785  178.8320
  17.8378 21.1393 19.9993 29.8484  180.6168
  17.8979 21.1183 19.9795 29.8184  182.4112
  17.9580 21.0973 19.9597 29.7884  184.2152
  18.0180 21.0764 19.9399 29.7585  186.0285
  18.0781 21.0555 19.9202 29.7286  187.8512
  18.1381 21.0345 19.9004 29.6987  189.6830
  18.1982 21.0137 19.8807 29.6688  191.5240
  18.2583 20.9928 19.8610 29.6389  193.3740
  18.3183 20.9719 19.8413 29.6091  195.2329
  18.3784 20.9511 19.8216 29.5793  197.1007
  18.4384 20.9303 19.8020 29.5495  198.9772
  18.4985 20.9094 19.7823 29.5198  200.8624
  18.5586 20.8887 19.7627 29.4901  202.7561
  18.6186 20.8679 19.7431 29.4604  204.6584
  18.6787 20.8471 19.7235 29.4307  206.5689
  18.7387 20.8264 19.7039 29.4011  208.4878
  18.7988 20.8057 19.6844 29.3715  210.4149
  18.8589 20.7850 19.6648 29.3419  212.3502
  18.9189 20.7643 19.6453 29.3123  214.2934
  18.9790 20.7436 19.6258 29.2828  216.2446
  19.0390 20.7230 19.6063 29.2533  218.2037
  19.0991 20.7023 19.5868 29.2238  220.1706
  19.1592 20.6817 19.5673 29.1944  222.1451
  19.2192 20.6611 19.5479 29.1649  224.1273
  19.2793 20.6405 19.5284 29.1355  226.1170
  19.3393 20.6200 19.5090 29.1061  228.1141
  19.3994 20.5994 19.4896 29.0768  230.1186
  19.4595 20.5789 19.4702 29.0475  232.1304
  19.5195 20.5584 19.4509 29.0182  234.1494
  19.5796 20.5379 19.4315 28.9889  236.1756
  19.6396 20.5174 19.4122 28.9597  238.2088
  19.6997 20.4969 19.3929 28.9304  240.2489
  19.7598 20.4765 19.3736 28.9012  242.2960
  19.8198 20.4561 19.3543 28.8721  244.3498
  19.8799 20.4357 19.3350 28.8429  246.4104
  19.9399 20.4153 19.3158 28.8138  248.4777
  20.0000 20.3949 19.2965 28.7847  250.5515
  20.0601 20.3745 19.2773 28.7557  252.6319
  20.1201 20.3542 19.2581 28.7267  254.7187
  20.1802 20.3339 19.2389 28.6977  256.8119
  20.2402 20.3136 19.2197 28.6687  258.9114
  20.3003 20.2933 19.2006 28.6397  261.0171
  20.3604 20.2730 19.1815 28.6108  263.1289
  20.4204 20.2528 19.1623 28.5819  265.2469
  20.4805 20.2326 19.1432 28.5530  267.3708
  20.5405 20.2123 19.1241 28.5242  269.5007
  20.6006 20.1921 19.1051 28.4954  271.6365
  20.6607 20.1720 19.0860 28.4666  273.7780
  20.7207 20.1518 19.0670 28.4378  275.9253
  20.7808 20.1317 19.0480 28.4091  278.0783
  20.8408 20.1115 19.0290 28.3803  280.2368
  20.9009 20.0914 19.0100 28.3516  282.4009
  20.9610 20.0713 18.9910 28.3230  284.5705
  21.0210 20.0513 18.9720 28.2944  286.7454
  21.0811 20.0312 18.9531 28.2657  288.9257
  21.1411 20.0112 18.9342 28.2372  291.1113
  21.2012 19.9912 18.9153 28.2086  293.3021
  21.2613 19.9712 18.8964 28.1801  295.4980
  21.3213 19.9512 18.8775 28.1516  297.6990
  21.3814 19.9312 18.8587 28.1231  299.9051
  21.4414 19.9113 18.8398 28.0947  302.1161
  21.5015 19.8913 18.8210 28.0662  304.3320
  21.5616 19.8714 18.8022 28.0378  306.5527
  21.6216 19.8515 18.7834 28.0095  308.7782
  21.6817 19.8317 18.7646 27.9811  311.0084
  21.7417 19.8118 18.7459 27.9528  313.2433
  21.8018 19.7920 18.7272 27.9245  315.4828
  21.8619 19.7721 18.7084 27.8962  317.7268
  21.9219 19.7523 18.6897 27.8680  319.9753
  21.9820 19.7326 18.6710 27.8398  322.2282
  22.0420 19.7128 18.6524 27.8116  324.4855
  22.1021 19.6930 18.6337 27.7835  326.7471
  22.1622 19.6733 18.6151 27.7553  329.0130
  22.2222 19.6536 18.5965 27.7272  331.2830
  22.2823 19.6339 18.5779 27.6991  333.5572
  22.3423 19.6142 18.5593 27.6711  335.8355
  22.4024 19.5946 18.5407 27.6431  338.1179
  22.4625 19.5749 18.5222 27.6151  340.4042
  22.5225 19.5553 18.5036 27.5871  342.6944
  22.5826 19.5357 18.4851 27.5591  344.9886
  22.6426 19.5161 18.4666 27.5312  347.2865
  22.7027 19.4965 18.4481 27.5033  349.5882
  22.7628 19.4770 18.4296 27.4755  351.8937
  22.8228 19.4574 18.4112 27.4476  354.2028
  22.8829 19.4379 18.3928 27.4198  356.5155
  22.9429 19.4184 18.3743 27.3920  358.8318
  23.0030 19.3989 18.3559 27.3643  361.1517
  23.0631 19.3795 18.3375 27.3365  363.4749
  23.1231 19.3600 18.3192 27.3088  365.8017
  23.1832 19.3406 18.3008 27.2811  368.1317
  23.2432 19.3212 18.2825 27.2535  370.4651
  23.3033 19.3018 18.2642 27.2258  372.8018
  23.3634 19.2824 18.2459 27.1982  375.1417
  23.4234 19.2630 18.2276 27.1707  377.4848
  23.4835 19.2437 18.2093 27.1431  379.8310
  23.5435 19.2244 18.1911 27.1156  382.1804
  23.6036 19.2051 18.1728 27.0881  384.5327
  23.6637 19.1858 18.1546 27.0606  386.8881
  23.7237 19.1665 18.1364 27.0332  389.2464
  23.7838 19.1473 18.1182 27.0058  391.6076
  23.8438 19.1280 18.1001 26.9784  393.9717
  23.9039 19.1088 18.0819 26.9510  396.3386
  23.9640 19.0896 18.0638 26.9236  398.7082
  24.0240 19.0704 18.0457 26.8963  401.0806
  24.0841 19.0513 18.0276 26.8690  403.4557
  24.1441 19.0321 18.0095 26.8418  405.8335
  24.2042 19.0130 17.9914 26.8145  408.2138
  24.2643 18.9939 17.9734 26.7873  410.5967
  24.3243 18.9748 17.9553 26.7602  412.9822
  24.3844 18.9557 17.9373 26.7330  415.3701
  24.4444 18.9367 17.9193 26.7059  417.7604
  24.5045 18.9176 17.9013 26.6788  420.1532
  24.5646 18.8986 17.8834 26.6517  422.5483
  24.6246 18.8796 17.8654 26.6246  424.9457
  24.6847 18.8606 17.8475 26.5976  427.3454
  24.7447 18.8417 17.8296 26.5706  429.7474
  24.8048 18.8227 17.8117 26.5436  432.1515
  24.8649 18.8038 17.7938 26.5167  434.5578
  24.9249 18.7849 17.7759 26.4897  436.9663
  24.9850 18.7660 17.7581 26.4628  439.3768
  25.0450 18.7471 17.7402 26.4360  441.7894
  25.1051 18.7282 17.7224 26.4091  444.2039
  25.1652 18.7094 17.7046 26.3823  446.6205
  25.2252 18.6906 17.6868 26.3555  449.0390
  25.2853 18.6718 17.6691 26.3287  451.4594
  25.3453 18.6530 17.6513 26.3020  453.8817
  25.4054 18.6342 17.6336 26.2753  456.3058
  25.4655 18.6155 17.6159 26.2486  458.7317
  25.5255 18.5967 17.5982 26.2219  461.1594
  25.5856 18.5780 17.5805 26.1953  463.5887
  25.6456 18.5593 17.5628 26.1687  466.0198
  25.7057 18.5406 17.5452 26.1421  468.4526
  25.7658 18.5220 17.5275 26.1155  470.8869
  25.8258 18.5033 17.5099 26.0890  473.3229
  25.8859 18.4847 17.4923 26.0625  475.7604
  25.9459 18.4661 17.4747 26.0360  478.1994
  26.0060 18.4475 17.4572 26.0095  480.6399
  26.0661 18.4289 17.4396 25.9831  483.0819
  26.1261 18.4103 17.4221 25.9567  485.5253
  26.1862 18.3918 17.4046 25.9303  487.9701
  26.2462 18.3733 17.3871 25.9040  490.4163
  26.3063 18.3548 17.3696 25.8776  492.8638
  26.3664 18.3363 17.3521 25.8513  495.3126
  26.4264 18.3178 17.3346 25.8251  497.7627
  26.4865 18.2994 17.3172 25.7988  500.2140
  26.5465 18.2809 17.2998 25.7726  502.6665
  26.6066 18.2625 17.2824 25.7464  505.1202
  26.6667 18.2441 17.2650 25.7202  507.5751
  26.7267 18.2257 17.2476 25.6940  510.0310
  26.7868 18.2073 17.2303 25.6679  512.4881
  26.8468 18.1890 17.2129 25.6418  514.9462
  26.9069 18.1707 17.1956 25.6157  517.4054
  26.9670 18.1524 17.1783 25.5897  519.8655
  27.0270 18.1341 17.1610 25.5637  522.3267
  27.0871 18.1158 17.1438 25.5377  524.7887
  27.1471 18.0975 17.1265 25.5117  527.2517
  27.2072 18.0793 17.1093 25.4858  529.7156
  27.2673 18.0610 17.0921 25.4598  532.1804
  27.3273 18.0428 17.0749 25.4339  534.6460
  27.3874 18.0246 17.0577 25.4081  537.1124
  27.4474 18.0065 17.0405 25.3822  539.5796
  27.5075 17.9883 17.0233 25.3564  542.0475
  27.5676 17.9702 17.0062 25.3306  544.5162
  27.6276 17.9521 16.9891 25.3048  546.9856
  27.6877 17.9339 16.9720 25.2791  549.4557
  27.7477 17.9159 16.9549 25.2534  551.9264
  27.8078 17.8978 16.9378 25.2277  554.3978
  27.8679 17.8797 16.9208 25.2020  556.8697
  27.9279 17.8617 16.9037 25.1764  559.3422
  27.9880 17.8437 16.8867 25.1508  561.8153
  28.0480 17.8257 16.8697 25.1252  564.2890
  28.1081 17.8077 16.8527 25.0996  566.7631
  28.1682 17.7897 16.8357 25.0741  569.2377
  28.2282 17.7718 16.8188 25.0485  571.7128
  28.2883 17.7539 16.8018 25.0231  574.1883
  28.3483 17.7359 16.7849 24.9976  576.6642
  28.4084 17.7180 16.7680 24.9721  579.1405
  28.4685 17.7002 16.7511 24.9467  581.6171
  28.5285 17.6823 16.7342 24.9213  584.0942
  28.5886 17.6645 16.7173 24.8960  586.5715
  28.6486 17.6466 16.7005 24.8706  589.0491
  28.7087 17.6288 16.6837 24.8453  591.5270
  28.7688 17.6110 16.6668 24.8200  594.0052
  28.8288 17.5933 16.6501 24.7948  596.4836
  28.8889 17.5755 16.6333 24.7695  598.9622
  28.9489 17.5578 16.6165 24.7443  601.4410
  29.0090 17.5400 16.5998 24.7191  603.9199
  29.0691 17.5223 16.5830 24.6939  606.3990
  29.1291 17.5046 16.5663 24.6688  608.8782
  29.1892 17.4870 16.5496 24.6437  611.3576
  29.2492 17.4693 16.5329 24.6186  613.8370
  29.3093 17.4517 16.5163 24.5935  616.3165
  29.3694 17.4340 16.4996 24.5685  618.7960
  29.4294 17.4164 16.4830 24.5435  621.2755
  29.4895 17.3989 16.4664 24.5185  623.7551
  29.5495 17.3813 16.4497 24.4935  626.2346
  29.6096 17.3637 16.4332 24.4685  628.7141
  29.6697 17.3462 16.4166 24.4436  631.1936
  29.7297 17.3287 16.4000 24.4187  633.6729
  29.7898 17.3112 16.3835 24.3939  636.1522
  29.8498 17.2937 16.3670 24.3690  638.6314
  29.9099 17.2762 16.3505 24.3442  641.1104
  29.9700 17.2588 16.3340 24.3194  643.5893
  30.0300 17.2413 16.3175 24.2946  646.0681
  30.0901 17.2239 16.3010 24.2699  648.5466
  30.1502 17.2065 16.2846 24.2452  651.0249
  30.2102 17.1891 16.2682 24.2205  653.5031
  30.2703 17.1718 16.2518 24.1958  655.9809
  30.3303 17.1544 16.2354 24.1711  658.4586
  30.3904 17.1371 16.2190 24.1465  660.9359
  30.4505 17.1198 16.2026 24.1219  663.4130
  30.5105 17.1025 16.1863 24.0973  665.8898
  30.5706 17.0852 16.1699 24.0728  668.3662
  30.6306 17.0679 16.1536 24.0483  670.8423
  30.6907 17.0507 16.1373 24.0238  673.3180
  30.7508 17.0334 16.1210 23.9993  675.7934
  30.8108 17.0162 16.1048 23.9748  678.2684
  30.8709 16.9990 16.0885 23.9504  680.7429
  30.9309 16.9818 16.0723 23.9260  683.2171
  30.9910 16.9647 16.0561 23.9016  685.6908
  31.0511 16.9475 16.0399 23.8773  688.1641
  31.1111 16.9304 16.0237 23.8529  690.6369
  31.1712 16.9133 16.0075 23.8286  693.1092
  31.2312 16.8962 15.9913 23.8043  695.5810
  31.2913 16.8791 15.9752 23.7801  698.0523
  31.3514 16.8620 15.9591 23.7558  700.5230
  31.4114 16.8450 15.9430 23.7316  702.9933
  31.4715 16.8280 15.9269 23.7074  705.4629
  31.5315 16.8110 15.9108 23.6833  707.9320
  31.5916 16.7940 15.8947 23.6591  710.4005
  31.6517 16.7770 15.8787 23.6350  712.8684
  31.7117 16.7600 15.8626 23.6109  715.3357
  31.7718 16.7431 15.8466 23.5869  717.8024
  31.8318 16.7261 15.8306 23.5628  720.2684
  31.8919 16.7092 15.8146 23.5388  722.7338
  31.9520 16.6923 15.7987 23.5148  725.1984
  32.0120 16.6754 15.7827 23.4908  727.6624
  32.0721 16.6586 15.7668 23.4669  730.1257
  32.1321 16.6417 15.7509 23.4430  732.5883
  32.1922 16.6249 15.7350 23.4191  735.0502
  32.2523 16.6081 15.7191 23.3952  737.5113
  32.3123 16.5913 15.7032 23.3713  739.9717
  32.3724 16.5745 15.6873 23.3475  742.4313
  32.4324 16.5577 15.6715 23.3237  744.8902
  32.4925 16.5410 15.6557 23.2999  747.3482
  32.5526 16.5243 15.6398 23.2762  749.8055
  32.6126 16.5075 15.6240 23.2524  752.2619
  32.6727 16.4908 15.6083 23.2287  754.7175
  32.7327 16.4742 15.5925 23.2050  757.1723
  32.7928 16.4575 15.5767 23.1814  759.6262
  32.8529 16.4408 15.5610 23.1577  762.0793
  32.9129 16.4242 15.5453 23.1341  764.5314
  32.9730 16.4076 15.5296 23.1105  766.9827
  33.0330 16.3910 15.5139 23.0870  769.4332
  33.0931 16.3744 15.4982 23.0634  771.8827
  33.1532 16.3578 15.4826 23.0399  774.3312
  33.2132 16.3413 15.4669 23.0164  776.7789
  33.2733 16.3248 15.4513 22.9929  779.2256
  33.3333 16.3082 15.4357 22.9695  781.6713
  33.3934 16.2917 15.4201 22.9460  784.1161
  33.4535 16.2752 15.4045 22.9226  786.5600
  33.5135 16.2588 15.3889 22.8993  789.0028
  33.5736 16.2423 15.3734 22.8759  791.4446
  33.6336 16.2259 15.3578 22.8526  793.8855
  33.6937 16.2095 15.3423 22.8293  796.3253
  33.7538 16.1931 15.3268 22.8060  798.7641
  33.8138 16.1767 15.3113 22.7827  801.2018
  33.8739 16.1603 15.2959 22.7595  803.6385
  33.9339 16.1439 15.2804 22.7363  806.0742
  33.9940 16.1276 15.2649 22.7131  808.5088
  34.0541 16.1113 15.2495 22.6899  810.9423
  34.1141 16.0950 15.2341 22.6668  813.3747
  34.1742 16.0787 15.2187 22.6436  815.8060
  34.2342 16.0624 15.2033 22.6205  818.2362
  34.2943 16.0461 15.1880 22.5975  820.6653
  34.3544 16.0299 15.1726 22.5744  823.0933
  34.4144 16.0137 15.1573 22.5514  825.5202
  34.4745 15.9975 15.1419 22.5284  827.9459
  34.5345 15.9813 15.1266 22.5054  830.3704
  34.5946 15.9651 15.1113 22.4824  832.7938
  34.6547 15.9489 15.0961 22.4595  835.2160
  34.7147 15.9328 15.0808 22.4366  837.6371
  34.7748 15.9166 15.0656 22.4137  840.0569
  34.8348 15.9005 15.0503 22.3908  842.4756
  34.8949 15.8844 15.0351 22.3680  844.8930
  34.9550 15.8683 15.0199 22.3451  847.3093
  35.0150 15.8523 15.0047 22.3223  849.7243
  35.0751 15.8362 14.9895 22.2996  852.1381
  35.1351 15.8202 14.9744 22.2768  854.5506
  35.1952 15.8042 14.9592 22.2541  856.9620
  35.2553 15.7882 14.9441 22.2314  859.3720
  35.3153 15.7722 14.9290 22.2087  861.7808
  35.3754 15.7562 14.9139 22.1860  864.1883
  35.4354 15.7402 14.8988 22.1634  866.5946
  35.4955 15.7243 14.8838 22.1408  868.9996
  35.5556 15.7084 14.8687 22.1182  871.4032
  35.6156 15.6925 14.8537 22.0956  873.8056
  35.6757 15.6766 14.8387 22.0730  876.2067
  35.7357 15.6607 14.8236 22.0505  878.6064
  35.7958 15.6448 14.8087 22.0280  881.0048
  35.8559 15.6290 14.7937 22.0055  883.4019
  35.9159 15.6132 14.7787 21.9831  885.7977
  35.9760 15.5974 14.7638 21.9606  888.1921
  36.0360 15.5816 14.7488 21.9382  890.5852
  36.0961 15.5658 14.7339 21.9158  892.9769
  36.1562 15.5500 14.7190 21.8935  895.3672
  36.2162 15.5343 14.7041 21.8711  897.7562
  36.2763 15.5185 14.6892 21.8488  900.1438
  36.3363 15.5028 14.6744 21.8265  902.5300
  36.3964 15.4871 14.6595 21.8042  904.9148
  36.4565 15.4714 14.6447 21.7820  907.2982
  36.5165 15.4557 14.6299 21.7597  909.6802
  36.5766 15.4401 14.6151 21.7375  912.0608
  36.6366 15.4244 14.6003 21.7153  914.4400
  36.6967 15.4088 14.5855 21.6932  916.8177
  36.7568 15.3932 14.5708 21.6710  919.1941
  36.8168 15.3776 14.5560 21.6489  921.5690
  36.8769 15.3620 14.5413 21.6268  923.9424
  36.9369 15.3465 14.5266 21.6047  926.3144
  36.9970 15.3309 14.5119 21.5827  928.6850
  37.0571 15.3154 14.4972 21.5606  931.0540
  37.1171 15.2999 14.4826 21.5386  933.4217
  37.1772 15.2844 14.4679 21.5166  935.7878
  37.2372 15.2689 14.4533 21.4947  938.1525
  37.2973 15.2534 14.4386 21.4727  940.5157
  37.3574 15.2379 14.4240 21.4508  942.8774
  37.4174 15.2225 14.4094 21.4289  945.2376
  37.4775 15.2071 14.3948 21.4070  947.5963
  37.5375 15.1917 14.3803 21.3852  949.9535
  37.5976 15.1763 14.3657 21.3633  952.3092
  37.6577 15.1609 14.3512 21.3415  954.6633
  37.7177 15.1455 14.3367 21.3197  957.0160
  37.7778 15.1302 14.3222 21.2980  959.3671
  37.8378 15.1148 14.3077 21.2762  961.7167
  37.8979 15.0995 14.2932 21.2545  964.0648
  37.9580 15.0842 14.2787 21.2328  966.4113
  38.0180 15.0689 14.2643 21.2111  968.7563
  38.0781 15.0537 14.2498 21.1895  971.0997
  38.1381 15.0384 14.2354 21.1678  973.4415
  38.1982 15.0232 14.2210 21.1462  975.7818
  38.2583 15.0079 14.2066 21.1246  978.1206
  38.3183 14.9927 14.1922 21.1031  980.4578
  38.3784 14.9775 14.1779 21.0815  982.7934
  38.4384 14.9624 14.1635 21.0600  985.1274
  38.4985 14.9472 14.1492 21.0385  987.4598
  38.5586 14.9320 14.1349 21.0170  989.7906
  38.6186 14.9169 14.1206 20.9955  992.1199
  38.6787 14.9018 14.1063 20.9741  994.4475
  38.7387 14.8867 14.0920 20.9527  996.7736
  38.7988 14.8716 14.0777 20.9313  999.0980
  38.8589 14.8565 14.0635 20.9099 1001.4209
  38.9189 14.8415 14.0492 20.8886 1003.7421
  38.9790 14.8264 14.0350 20.8672 1006.0617
  39.0390 14.8114 14.0208 20.8459 1008.3797
  39.0991 14.7964 14.0066 20.8246 1010.6961
  39.1592 14.7814 13.9924 20.8034 1013.0108
  39.2192 14.7664 13.9783 20.7821 1015.3239
  39.2793 14.7514 13.9641 20.7609 1017.6353
  39.3393 14.7365 13.9500 20.7397 1019.9452
  39.3994 14.7215 13.9359 20.7185 1022.2533
  39.4595 14.7066 13.9217 20.6974 1024.5599
  39.5195 14.6917 13.9077 20.6762 1026.8647
  39.5796 14.6768 13.8936 20.6551 1029.1679
  39.6396 14.6619 13.8795 20.6340 1031.4695
  39.6997 14.6470 13.8655 20.6129 1033.7694
  39.7598 14.6322 13.8514 20.5919 1036.0676
  39.8198 14.6174 13.8374 20.5709 1038.3642
  39.8799 14.6025 13.8234 20.5498 1040.6590
  39.9399 14.5877 13.8094 20.5289 1042.9522
  40.0000 14.5729 13.7954 20.5079 1045.2438
  40.0601 14.5582 13.7814 20.4869 1047.5336
  40.1201 14.5434 13.7675 20.4660 1049.8217
  40.1802 14.5287 13.7535 20.4451 1052.1082
  40.2402 14.5139 13.7396 20.4242 1054.3930
  40.3003 14.4992 13.7257 20.4034 1056.6760
  40.3604 14.4845 13.7118 20.3825 1058.9574
  40.4204 14.4698 13.6979 20.3617 1061.2371
  40.4805 14.4552 13.6841 20.3409 1063.5151
  40.5405 14.4405 13.6702 20.3201 1065.7913
  40.6006 14.4259 13.6564 20.2994 1068.0659
  40.6607 14.4112 13.6425 20.2787 1070.3387
  40.7207 14.3966 13.6287 20.2579 1072.6098
  40.7808 14.3820 13.6149 20.2372 1074.8792
  40.8408 14.3674 13.6011 20.2166 1077.1469
  40.9009 14.3529 13.5873 20.1959 1079.4128
  40.9610 14.3383 13.5736 20.1753 1081.6770
  41.0210 14.3238 13.5598 20.1547 1083.9395
  41.0811 14.3092 13.5461 20.1341 1086.2003
  41.1411 14.2947 13.5324 20.1135 1088.4593
  41.2012 14.2802 13.5187 20.0930 1090.7165
  41.2613 14.2658 13.5050 20.0725 1092.9721
  41.3213 14.2513 13.4913 20.0520 1095.2259
  41.3814 14.2368 13.4777 20.0315 1097.4779
  41.4414 14.2224 13.4640 20.0110 1099.7282
  41.5015 14.2080 13.4504 19.9906 1101.9768
  41.5616 14.1936 13.4367 19.9702 1104.2236
  41.6216 14.1792 13.4231 19.9498 1106.4686
  41.6817 14.1648 13.4095 19.9294 1108.7119
  41.7417 14.1504 13.3960 19.9090 1110.9534
  41.8018 14.1361 13.3824 19.8887 1113.1932
  41.8619 14.1217 13.3688 19.8684 1115.4312
  41.9219 14.1074 13.3553 19.8481 1117.6674
  41.9820 14.0931 13.3418 19.8278 1119.9019
  42.0420 14.0788 13.3283 19.8075 1122.1346
  42.1021 14.0645 13.3148 19.7873 1124.3655
  42.1622 14.0503 13.3013 19.7671 1126.5946
  42.2222 14.0360 13.2878 19.7469 1128.8220
  42.2823 14.0218 13.2743 19.7267 1131.0476
  42.3423 14.0076 13.2609 19.7066 1133.2714
  42.4024 13.9934 13.2475 19.6864 1135.4934
  42.4625 13.9792 13.2341 19.6663 1137.7137
  42.5225 13.9650 13.2206 19.6462 1139.9321
  42.5826 13.9508 13.2073 19.6262 1142.1488
  42.6426 13.9367 13.1939 19.6061 1144.3637
  42.7027 13.9225 13.1805 19.5861 1146.5767
  42.7628 13.9084 13.1672 19.5661 1148.7880
  42.8228 13.8943 13.1538 19.5461 1150.9975
  42.8829 13.8802 13.1405 19.5261 1153.2053
  42.9429 13.8661 13.1272 19.5062 1155.4112
  43.0030 13.8521 13.1139 19.4862 1157.6153
  43.0631 13.8380 13.1006 19.4663 1159.8176
  43.1231 13.8240 13.0873 19.4464 1162.0181
  43.1832 13.8100 13.0741 19.4266 1164.2168
  43.2432 13.7960 13.0608 19.4067 1166.4137
  43.3033 13.7820 13.0476 19.3869 1168.6088
  43.3634 13.7680 13.0344 19.3671 1170.8020
  43.4234 13.7540 13.0212 19.3473 1172.9935
  43.4835 13.7401 13.0080 19.3275 1175.1832
  43.5435 13.7261 12.9948 19.3078 1177.3710
  43.6036 13.7122 12.9817 19.2880 1179.5571
  43.6637 13.6983 12.9685 19.2683 1181.7413
  43.7237 13.6844 12.9554 19.2487 1183.9237
  43.7838 13.6705 12.9422 19.2290 1186.1043
  43.8438 13.6567 12.9291 19.2093 1188.2830
  43.9039 13.6428 12.9160 19.1897 1190.4600
  43.9640 13.6290 12.9029 19.1701 1192.6351
  44.0240 13.6151 12.8899 19.1505 1194.8084
  44.0841 13.6013 12.8768 19.1309 1196.9799
  44.1441 13.5875 12.8638 19.1114 1199.1495
  44.2042 13.5737 12.8507 19.0919 1201.3174
  44.2643 13.5600 12.8377 19.0724 1203.4834
  44.3243 13.5462 12.8247 19.0529 1205.6475
  44.3844 13.5325 12.8117 19.0334 1207.8099
  44.4444 13.5187 12.7987 19.0140 1209.9704
  44.5045 13.5050 12.7858 18.9945 1212.1291
  44.5646 13.4913 12.7728 18.9751 1214.2859
  44.6246 13.4776 12.7599 18.9557 1216.4410
  44.6847 13.4640 12.7470 18.9364 1218.5941
  44.7447 13.4503 12.7340 18.9170 1220.7455
  44.8048 13.4367 12.7211 18.8977 1222.8950
  44.8649 13.4230 12.7082 18.8784 1225.0427
  44.9249 13.4094 12.6954 18.8591 1227.1885
  44.9850 13.3958 12.6825 18.8398 1229.3325
  45.0450 13.3822 12.6697 18.8206 1231.4747
  45.1051 13.3686 12.6568 18.8013 1233.6151
  45.1652 13.3551 12.6440 18.7821 1235.7535
  45.2252 13.3415 12.6312 18.7629 1237.8902
  45.2853 13.3280 12.6184 18.7438 1240.0250
  45.3453 13.3145 12.6056 18.7246 1242.1580
  45.4054 13.3010 12.5928 18.7055 1244.2891
  45.4655 13.2875 12.5801 18.6864 1246.4184
  45.5255 13.2740 12.5673 18.6673 1248.5458
  45.5856 13.2605 12.5546 18.6482 1250.6714
  45.6456 13.2471 12.5419 18.6291 1252.7952
  45.7057 13.2336 12.5292 18.6101 1254.9171
  45.7658 13.2202 12.5165 18.5911 1257.0371
  45.8258 13.2068 12.5038 18.5721 1259.1553
  45.8859 13.1934 12.4911 18.5531 1261.2717
  45.9459 13.1800 12.4785 18.5342 1263.3862
  46.0060 13.1666 12.4658 18.5152 1265.4989
  46.0661 13.1533 12.4532 18.4963 1267.6097
  46.1261 13.1399 12.4406 18.4774 1269.7187
  46.1862 13.1266 12.4280 18.4585 1271.8258
  46.2462 13.1133 12.4154 18.4396 1273.9311
  46.3063 13.1000 12.4028 18.4208 1276.0345
  46.3664 13.0867 12.3902 18.4020 1278.1361
  46.4264 13.0734 12.3777 18.3832 1280.2358
  46.4865 13.0601 12.3651 18.3644 1282.3337
  46.5465 13.0469 12.3526 18.3456 1284.4297
  46.6066 13.0337 12.3401 18.3269 1286.5239
  46.6667 13.0204 12.3276 18.3082 1288.6162
  46.7267 13.0072 12.3151 18.2894 1290.7067
  46.7868 12.9940 12.3026 18.2708 1292.7953
  46.8468 12.9808 12.2902 18.2521 1294.8821
  46.9069 12.9677 12.2777 18.2334 1296.9670
  46.9670 12.9545 12.2653 18.2148 1299.0501
  47.0270 12.9414 12.2528 18.1962 1301.1313
  47.0871 12.9282 12.2404 18.1776 1303.2107
  47.1471 12.9151 12.2280 18.1590 1305.2882
  47.2072 12.9020 12.2156 18.1405 1307.3638
  47.2673 12.8889 12.2032 18.1219 1309.4376
  47.3273 12.8758 12.1909 18.1034 1311.5096
  47.3874 12.8628 12.1785 18.0849 1313.5796
  47.4474 12.8497 12.1662 18.0664 1315.6479
  47.5075 12.8367 12.1539 18.0480 1317.7143
  47.5676 12.8237 12.1415 18.0295 1319.7788
  47.6276 12.8107 12.1292 18.0111 1321.8415
  47.6877 12.7977 12.1169 17.9927 1323.9023
  47.7477 12.7847 12.1047 17.9743 1325.9613
  47.8078 12.7717 12.0924 17.9559 1328.0184
  47.8679 12.7587 12.0802 17.9376 1330.0737
  47.9279 12.7458 12.0679 17.9192 1332.1271
  47.9880 12.7329 12.0557 17.9009 1334.1786
  48.0480 12.7199 12.0435 17.8826 1336.2283
  48.1081 12.7070 12.0313 17.8644 1338.2762
  48.1682 12.6941 12.0191 17.8461 1340.3222
  48.2282 12.6813 12.0069 17.8279 1342.3663
  48.2883 12.6684 11.9947 17.8097 1344.4086
  48.3483 12.6555 11.9826 17.7915 1346.4491
  48.4084 12.6427 11.9704 17.7733 1348.4877
  48.4685 12.6299 11.9583 17.7551 1350.5244
  48.5285 12.6171 11.9462 17.7370 1352.5593
  48.5886 12.6043 11.9341 17.7188 1354.5923
  48.6486 12.5915 11.9220 17.7007 1356.6235
  48.7087 12.5787 11.9099 17.6826 1358.6529
  48.7688 12.5659 11.8978 17.6646 1360.6803
  48.8288 12.5532 11.8858 17.6465 1362.7060
  48.8889 12.5404 11.8737 17.6285 1364.7297
  48.9489 12.5277 11.8617 17.6105 1366.7517
  49.0090 12.5150 11.8497 17.5925 1368.7718
  49.0691 12.5023 11.8377 17.5745 1370.7900
  49.1291 12.4896 11.8257 17.5565 1372.8064
  49.1892 12.4769 11.8137 17.5386 1374.8209
  49.2492 12.4643 11.8017 17.5207 1376.8336
  49.3093 12.4516 11.7898 17.5028 1378.8444
  49.3694 12.4390 11.7778 17.4849 1380.8534
  49.4294 12.4264 11.7659 17.4670 1382.8606
  49.4895 12.4138 11.7540 17.4492 1384.8659
  49.5495 12.4012 11.7421 17.4313 1386.8693
  49.6096 12.3886 11.7302 17.4135 1388.8709
  49.6697 12.3760 11.7183 17.3957 1390.8707
  49.7297 12.3635 11.7064 17.3779 1392.8686
  49.7898 12.3509 11.6945 17.3602 1394.8646
  49.8498 12.3384 11.6827 17.3424 1396.8589
  49.9099 12.3259 11.6708 17.3247 1398.8512
  49.9700 12.3134 11.6590 17.3070 1400.8418
  50.0300 12.3009 11.6472 17.2893 1402.8305
  50.0901 12.2884 11.6354 17.2717 1404.8173
  50.1502 12.2759 11.6236 17.2540 1406.8023
  50.2102 12.2635 11.6118 17.2364 1408.7855
  50.2703 12.2510 11.6001 17.2188 1410.7668
  50.3303 12.2386 11.5883 17.2012 1412.7463
  50.3904 12.2262 11.5766 17.1836 1414.7239
  50.4505 12.2138 11.5648 17.1660 1416.6997
  50.5105 12.2014 11.5531 17.1485 1418.6737
  50.5706 12.1890 11.5414 17.1310 1420.6458
  50.6306 12.1766 11.5297 17.1135 1422.6161
  50.6907 12.1643 11.5180 17.0960 1424.5846
  50.7508 12.1519 11.5064 17.0785 1426.5512
  50.8108 12.1396 11.4947 17.0610 1428.5160
  50.8709 12.1273 11.4831 17.0436 1430.4789
  50.9309 12.1150 11.4714 17.0262 1432.4400
  50.9910 12.1027 11.4598 17.0088 1434.3993
  51.0511 12.0904 11.4482 16.9914 1436.3567
  51.1111 12.0781 11.4366 16.9740 1438.3123
  51.1712 12.0659 11.4250 16.9567 1440.2661
  51.2312 12.0536 11.4134 16.9394 1442.2180
  51.2913 12.0414 11.4018 16.9221 1444.1682
  51.3514 12.0292 11.3903 16.9048 1446.1164
  51.4114 12.0170 11.3788 16.8875 1448.0629
  51.4715 12.0048 11.3672 16.8702 1450.0075
  51.5315 11.9926 11.3557 16.8530 1451.9503
  51.5916 11.9804 11.3442 16.8358 1453.8913
  51.6517 11.9683 11.3327 16.8186 1455.8304
  51.7117 11.9561 11.3212 16.8014 1457.7677
  51.7718 11.9440 11.3097 16.7842 1459.7032
  51.8318 11.9319 11.2983 16.7671 1461.6369
  51.8919 11.9198 11.2868 16.7499 1463.5687
  51.9520 11.9077 11.2754 16.7328 1465.4988
  52.0120 11.8956 11.2640 16.7157 1467.4270
  52.0721 11.8835 11.2526 16.6986 1469.3533
  52.1321 11.8715 11.2412 16.6816 1471.2779
  52.1922 11.8594 11.2298 16.6645 1473.2006
  52.2523 11.8474 11.2184 16.6475 1475.1216
  52.3123 11.8354 11.2070 16.6305 1477.0406
  52.3724 11.8234 11.1957 16.6135 1478.9579
  52.4324 11.8114 11.1843 16.5965 1480.8734
  52.4925 11.7994 11.1730 16.5795 1482.7870
  52.5526 11.7874 11.1617 16.5626 1484.6989
  52.6126 11.7755 11.1504 16.5457 1486.6089
  52.6727 11.7635 11.1391 16.5288 1488.5171
  52.7327 11.7516 11.1278 16.5119 1490.4235
  52.7928 11.7396 11.1165 16.4950 1492.3281
  52.8529 11.7277 11.1052 16.4781 1494.2309
  52.9129 11.7158 11.0940 16.4613 1496.1318
  52.9730 11.7040 11.0827 16.4445 1498.0310
  53.0330 11.6921 11.0715 16.4277 1499.9283
  53.0931 11.6802 11.0603 16.4109 1501.8238
  53.1532 11.6684 11.0491 16.3941 1503.7176
  53.2132 11.6565 11.0379 16.3774 1505.6095
  53.2733 11.6447 11.0267 16.3606 1507.4996
  53.3333 11.6329 11.0155 16.3439 1509.3879
  53.3934 11.6211 11.0044 16.3272 1511.2745
  53.4535 11.6093 10.9932 16.3105 1513.1592
  53.5135 11.5975 10.9821 16.2939 1515.0421
  53.5736 11.5857 10.9710 16.2772 1516.9232
  53.6336 11.5740 10.9599 16.2606 1518.8025
  53.6937 11.5622 10.9487 16.2440 1520.6800
  53.7538 11.5505 10.9377 16.2274 1522.5557
  53.8138 11.5388 10.9266 16.2108 1524.4297
  53.8739 11.5271 10.9155 16.1942 1526.3018
  53.9339 11.5154 10.9044 16.1777 1528.1721
  53.9940 11.5037 10.8934 16.1611 1530.0407
  54.0541 11.4920 10.8824 16.1446 1531.9074
  54.1141 11.4804 10.8713 16.1281 1533.7724
  54.1742 11.4687 10.8603 16.1116 1535.6355
  54.2342 11.4571 10.8493 16.0952 1537.4969
  54.2943 11.4455 10.8383 16.0787 1539.3565
  54.3544 11.4339 10.8273 16.0623 1541.2143
  54.4144 11.4223 10.8164 16.0459 1543.0703
  54.4745 11.4107 10.8054 16.0295 1544.9245
  54.5345 11.3991 10.7945 16.0131 1546.7770
  54.5946 11.3875 10.7835 15.9968 1548.6277
  54.6547 11.3760 10.7726 15.9804 1550.4765
  54.7147 11.3644 10.7617 15.9641 1552.3236
  54.7748 11.3529 10.7508 15.9478 1554.1689
  54.8348 11.3414 10.7399 15.9315 1556.0125
  54.8949 11.3299 10.7290 15.9152 1557.8543
  54.9550 11.3184 10.7181 15.8989 1559.6942
  55.0150 11.3069 10.7073 15.8827 1561.5324
  55.0751 11.2954 10.6964 15.8665 1563.3689
  55.1351 11.2840 10.6856 15.8502 1565.2035
  55.1952 11.2725 10.6748 15.8341 1567.0364
  55.2553 11.2611 10.6640 15.8179 1568.8675
  55.3153 11.2497 10.6532 15.8017 1570.6969
  55.3754 11.2383 10.6424 15.7856 1572.5245
  55.4354 11.2269 10.6316 15.7694 1574.3503
  55.4955 11.2155 10.6208 15.7533 1576.1743
  55.5556 11.2041 10.6101 15.7372 1577.9966
  55.6156 11.1927 10.5993 15.7211 1579.8171
  55.6757 11.1814 10.5886 15.7051 1581.6358
  55.7357 11.1700 10.5778 15.6890 1583.4528
  55.7958 11.1587 10.5671 15.6730 1585.2681
  55.8559 11.1474 10.5564 15.6570 1587.0815
  55.9159 11.1361 10.5457 15.6410 1588.8932
  55.9760 11.1248 10.5350 15.6250 1590.7032
  56.0360 11.1135 10.5244 15.6090 1592.5113
  56.0961 11.1022 10.5137 15.5931 1594.3178
  56.1562 11.0910 10.5031 15.5772 1596.1224
  56.2162 11.0797 10.4924 15.5613 1597.9254
  56.2763 11.0685 10.4818 15.5454 1599.7265
  56.3363 11.0572 10.4712 15.5295 1601.5259
  56.3964 11.0460 10.4606 15.5136 1603.3236
  56.4565 11.0348 10.4500 15.4978 1605.1195
  56.5165 11.0236 10.4394 15.4819 1606.9137
  56.5766 11.0124 10.4288 15.4661 1608.7061
  56.6366 11.0013 10.4182 15.4503 1610.4968
  56.6967 10.9901 10.4077 15.4345 1612.2857
  56.7568 10.9790 10.3971 15.4187 1614.0729
  56.8168 10.9678 10.3866 15.4030 1615.8584
  56.8769 10.9567 10.3761 15.3873 1617.6421
  56.9369 10.9456 10.3656 15.3715 1619.4240
  56.9970 10.9345 10.3551 15.3558 1621.2043
  57.0571 10.9234 10.3446 15.3401 1622.9827
  57.1171 10.9123 10.3341 15.3245 1624.7595
  57.1772 10.9013 10.3237 15.3088 1626.5345
  57.2372 10.8902 10.3132 15.2932 1628.3078
  57.2973 10.8792 10.3027 15.2775 1630.0793
  57.3574 10.8681 10.2923 15.2619 1631.8492
  57.4174 10.8571 10.2819 15.2463 1633.6173
  57.4775 10.8461 10.2715 15.2308 1635.3836
  57.5375 10.8351 10.2611 15.2152 1637.1482
  57.5976 10.8241 10.2507 15.1997 1638.9111
  57.6577 10.8131 10.2403 15.1841 1640.6723
  57.7177 10.8021 10.2299 15.1686 1642.4318
  57.7778 10.7912 10.2196 15.1531 1644.1895
  57.8378 10.7802 10.2092 15.1376 1645.9455
  57.8979 10.7693 10.1989 15.1222 1647.6998
  57.9580 10.7584 10.1885 15.1067 1649.4524
  58.0180 10.7475 10.1782 15.0913 1651.2032
  58.0781 10.7366 10.1679 15.0759 1652.9524
  58.1381 10.7257 10.1576 15.0605 1654.6998
  58.1982 10.7148 10.1473 15.0451 1656.4455
  58.2583 10.7039 10.1370 15.0297 1658.1895
  58.3183 10.6931 10.1268 15.0144 1659.9318
  58.3784 10.6822 10.1165 14.9990 1661.6723
  58.4384 10.6714 10.1063 14.9837 1663.4112
  58.4985 10.6606 10.0960 14.9684 1665.1483
  58.5586 10.6498 10.0858 14.9531 1666.8838
  58.6186 10.6390 10.0756 14.9378 1668.6175
  58.6787 10.6282 10.0654 14.9226 1670.3496
  58.7387 10.6174 10.0552 14.9073 1672.0799
  58.7988 10.6066 10.0450 14.8921 1673.8085
  58.8589 10.5959 10.0349 14.8769 1675.5354
  58.9189 10.5851 10.0247 14.8617 1677.2607
  58.9790 10.5744 10.0145 14.8465 1678.9842
  59.0390 10.5637 10.0044 14.8313 1680.7060
  59.0991 10.5530  9.9943 14.8162 1682.4262
  59.1592 10.5423  9.9841 14.8011 1684.1446
  59.2192 10.5316  9.9740 14.7859 1685.8614
  59.2793 10.5209  9.9639 14.7708 1687.5764
  59.3393 10.5102  9.9538 14.7557 1689.2898
  59.3994 10.4996  9.9438 14.7407 1691.0015
  59.4595 10.4889  9.9337 14.7256 1692.7115
  59.5195 10.4783  9.9236 14.7106 1694.4198
  59.5796 10.4677  9.9136 14.6955 1696.1264
  59.6396 10.4570  9.9035 14.6805 1697.8313
  59.6997 10.4464  9.8935 14.6655 1699.5346
  59.7598 10.4358  9.8835 14.6506 1701.2361
  59.8198 10.4253  9.8735 14.6356 1702.9360
  59.8799 10.4147  9.8635 14.6206 1704.6342
  59.9399 10.4041  9.8535 14.6057 1706.3308
  60.0000 10.3936  9.8435 14.5908 1708.0256
