     time      11      10       00      01
   0.0000  0.0000  0.0000   0.0000  0.0000
   0.0601  0.0367  0.0369   0.0372  0.0369
   0.1201  0.1409  0.1442   0.1475  0.1442
   0.1802  0.3045  0.3168   0.3292  0.3168
   0.2402  0.5203  0.5502   0.5803  0.5502
   0.3003  0.7812  0.8401   0.8993  0.8401
   0.3604  1.0804  1.1822   1.2844  1.1822
   0.4204  1.4116  1.5724   1.7339  1.5724
   0.4805  1.7684  2.0068   2.2461  2.0068
   0.5405  2.1450  2.4817   2.8196  2.4817
   0.6006  2.5356  2.9934   3.4527  2.9934
   0.6607  2.9349  3.5385   4.1439  3.5385
   0.7207  3.3377  4.1135   4.8916  4.1135
   0.7808  3.7390  4.7153   5.6946  4.7153
   0.8408  4.1341  5.3409   6.5512  5.3409
   0.9009  4.5185  5.9871   7.4601  5.9871
   0.9610  4.8878  6.6512   8.4199  6.6512
   1.0210  5.2380  7.3304   9.4294  7.3304
   1.0811  5.5653  8.0222  10.4870  8.0222
   1.1411  5.8659  8.7240  11.5917  8.7240
   1.2012  6.1364  9.4334  12.7421  9.4334
   1.2613  6.3735 10.1480  13.9370 10.1480
   1.3213  6.5744 10.8658  15.1752 10.8658
   1.3814  6.7363 11.5846  16.4555 11.5846
   1.4414  6.8571 12.3023  17.7767 12.3023
   1.5015  6.9356 13.0171  19.1378 13.0171
   1.5616  6.9730 13.7271  20.5376 13.7271
   1.6216  6.9766 14.4306  21.9751 14.4306
   1.6817  6.9616 15.1258  23.4491 15.1258
   1.7417  6.9402 15.8112  24.9588 15.8112
   1.8018  6.9162 16.4853  26.5029 16.4853
   1.8619  6.8911 17.1465  28.0807 17.1465
   1.9219  6.8653 17.7937  29.6910 17.7937
   1.9820  6.8391 18.4253  31.3330 18.4253
   2.0420  6.8126 19.0403  33.0058 19.0403
   2.1021  6.7860 19.6374  34.7083 19.6374
   2.1622  6.7592 20.2155  36.4398 20.2155
   2.2222  6.7324 20.7736  38.1994 20.7736
   2.2823  6.7056 21.3107  39.9862 21.3107
   2.3423  6.6787 21.8258  41.7994 21.8258
   2.4024  6.6519 22.3180  43.6382 22.3180
   2.4625  6.6251 22.7866  45.5018 22.7866
   2.5225  6.5983 23.2308  47.3894 23.2308
   2.5826  6.5716 23.6498  49.3003 23.6498
   2.6426  6.5450 24.0429  51.2337 24.0429
   2.7027  6.5184 24.4096  53.1889 24.4096
   2.7628  6.4919 24.7493  55.1653 24.7493
   2.8228  6.4655 25.0613  57.1620 25.0613
   2.8829  6.4391 25.3453  59.1785 25.3453
   2.9429  6.4128 25.6008  61.2140 25.6008
   3.0030  6.3866 25.8274  63.2680 25.8274
   3.0631  6.3605 26.0247  65.3397 26.0247
   3.1231  6.3345 26.1924  67.4286 26.1924
   3.1832  6.3086 26.3304  69.5341 26.3304
   3.2432  6.2827 26.4383  71.6556 26.4383
   3.3033  6.2570 26.5163  73.7924 26.5163
   3.3634  6.2313 26.5643  75.9441 26.5643
   3.4234  6.2057 26.5826  78.1101 26.5826
   3.4835  6.1803 26.5719  80.2898 26.5719
   3.5435  6.1549 26.5337  82.4828 26.5337
   3.6036  6.1296 26.4710  84.6884 26.4710
   3.6637  6.1044 26.3895  86.9062 26.3895
   3.7237  6.0793 26.2964  89.1357 26.2964
   3.7838  6.0543 26.1978  91.3765 26.1978
   3.8438  6.0294 26.0966  93.6280 26.0966
   3.9039  6.0045 25.9940  95.8898 25.9940
   3.9640  5.9798 25.8907  98.1614 25.8907
   4.0240  5.9552 25.7871 100.4425 25.7871
   4.0841  5.9306 25.6834 102.7325 25.6834
   4.1441  5.9062 25.5796 105.0310 25.5796
   4.2042  5.8819 25.4760 107.3378 25.4760
   4.2643  5.8576 25.3725 109.6522 25.3725
   4.3243  5.8335 25.2692 111.9740 25.2692
   4.3844  5.8094 25.1661 114.3028 25.1661
   4.4444  5.7855 25.0633 116.6382 25.0633
   4.5045  5.7616 24.9608 118.9799 24.9608
   4.5646  5.7378 24.8586 121.3274 24.8586
   4.6246  5.7141 24.7568 123.6804 24.7568
   4.6847  5.6906 24.6553 126.0387 24.6553
   4.7447  5.6671 24.5541 128.4018 24.5541
   4.8048  5.6437 24.4532 130.7695 24.4532
   4.8649  5.6204 24.3527 133.1413 24.3527
   4.9249  5.5972 24.2526 135.5171 24.2526
   4.9850  5.5741 24.1528 137.8966 24.1528
   5.0450  5.5510 24.0534 140.2793 24.0534
   5.1051  5.5281 23.9544 142.6651 23.9544
   5.1652  5.5053 23.8558 145.0536 23.8558
   5.2252  5.4825 23.7575 147.4446 23.7575
   5.2853  5.4599 23.6596 149.8378 23.6596
   5.3453  5.4373 23.5620 152.2330 23.5620
   5.4054  5.4148 23.4649 154.6299 23.4649
   5.4655  5.3925 23.3681 157.0282 23.3681
   5.5255  5.3702 23.2717 159.4277 23.2717
   5.5856  5.3480 23.1756 161.8283 23.1756
   5.6456  5.3259 23.0800 164.2295 23.0800
   5.7057  5.3038 22.9847 166.6313 22.9847
   5.7658  5.2819 22.8898 169.0334 22.8898
   5.8258  5.2601 22.7953 171.4355 22.7953
   5.8859  5.2383 22.7011 173.8376 22.7011
   5.9459  5.2167 22.6073 176.2393 22.6073
   6.0060  5.1951 22.5139 178.6405 22.5139
   6.0661  5.1736 22.4209 181.0409 22.4209
   6.1261  5.1522 22.3283 183.4405 22.3283
   6.1862  5.1309 22.2360 185.8390 22.2360
   6.2462  5.1097 22.1441 188.2362 22.1441
   6.3063  5.0885 22.0525 190.6320 22.0525
   6.3664  5.0675 21.9613 193.0261 21.9613
   6.4264  5.0465 21.8705 195.4185 21.8705
   6.4865  5.0256 21.7801 197.8089 21.7801
   6.5465  5.0048 21.6900 200.1972 21.6900
   6.6066  4.9841 21.6003 202.5833 21.6003
   6.6667  4.9635 21.5109 204.9670 21.5109
   6.7267  4.9430 21.4220 207.3481 21.4220
   6.7868  4.9225 21.3333 209.7266 21.3333
   6.8468  4.9022 21.2451 212.1022 21.2451
   6.9069  4.8819 21.1572 214.4748 21.1572
   6.9670  4.8617 21.0696 216.8444 21.0696
   7.0270  4.8415 20.9824 219.2108 20.9824
   7.0871  4.8215 20.8956 221.5738 20.8956
   7.1471  4.8015 20.8091 223.9333 20.8091
   7.2072  4.7817 20.7230 226.2893 20.7230
   7.2673  4.7619 20.6372 228.6416 20.6372
   7.3273  4.7422 20.5518 230.9900 20.5518
   7.3874  4.7225 20.4667 233.3346 20.4667
   7.4474  4.7030 20.3820 235.6751 20.3820
   7.5075  4.6835 20.2976 238.0116 20.2976
   7.5676  4.6641 20.2136 240.3438 20.2136
   7.6276  4.6448 20.1299 242.6717 20.1299
   7.6877  4.6256 20.0465 244.9952 20.0465
   7.7477  4.6064 19.9635 247.3142 19.9635
   7.8078  4.5874 19.8809 249.6286 19.8809
   7.8679  4.5684 19.7985 251.9383 19.7985
   7.9279  4.5495 19.7165 254.2433 19.7165
   7.9880  4.5306 19.6349 256.5435 19.6349
   8.0480  4.5119 19.5536 258.8388 19.5536
   8.1081  4.4932 19.4726 261.1290 19.4726
   8.1682  4.4746 19.3919 263.4142 19.3919
   8.2282  4.4560 19.3116 265.6943 19.3116
   8.2883  4.4376 19.2316 267.9692 19.2316
   8.3483  4.4192 19.1520 270.2388 19.1520
   8.4084  4.4009 19.0726 272.5031 19.0726
   8.4685  4.3827 18.9936 274.7619 18.9936
   8.5285  4.3645 18.9149 277.0154 18.9149
   8.5886  4.3465 18.8366 279.2633 18.8366
   8.6486  4.3285 18.7586 281.5056 18.7586
   8.7087  4.3105 18.6808 283.7423 18.6808
   8.7688  4.2927 18.6034 285.9734 18.6034
   8.8288  4.2749 18.5264 288.1987 18.5264
   8.8889  4.2572 18.4496 290.4182 18.4496
   8.9489  4.2396 18.3732 292.6319 18.3732
   9.0090  4.2220 18.2971 294.8398 18.2971
   9.0691  4.2045 18.2212 297.0417 18.2212
   9.1291  4.1871 18.1457 299.2377 18.1457
   9.1892  4.1698 18.0706 301.4276 18.0706
   9.2492  4.1525 17.9957 303.6116 17.9957
   9.3093  4.1353 17.9211 305.7894 17.9211
   9.3694  4.1182 17.8469 307.9611 17.8469
   9.4294  4.1011 17.7729 310.1267 17.7729
   9.4895  4.0841 17.6992 312.2861 17.6992
   9.5495  4.0672 17.6259 314.4393 17.6259
   9.6096  4.0504 17.5529 316.5862 17.5529
   9.6697  4.0336 17.4801 318.7269 17.4801
   9.7297  4.0169 17.4077 320.8612 17.4077
   9.7898  4.0002 17.3355 322.9892 17.3355
   9.8498  3.9837 17.2637 325.1109 17.2637
   9.9099  3.9672 17.1921 327.2262 17.1921
   9.9700  3.9507 17.1209 329.3350 17.1209
  10.0300  3.9344 17.0499 331.4375 17.0499
  10.0901  3.9181 16.9793 333.5335 16.9793
  10.1502  3.9018 16.9089 335.6230 16.9089
  10.2102  3.8857 16.8388 337.7060 16.8388
  10.2703  3.8696 16.7690 339.7825 16.7690
  10.3303  3.8535 16.6995 341.8525 16.6995
  10.3904  3.8376 16.6303 343.9159 16.6303
  10.4505  3.8217 16.5614 345.9728 16.5614
  10.5105  3.8058 16.4927 348.0231 16.4927
  10.5706  3.7901 16.4244 350.0668 16.4244
  10.6306  3.7744 16.3563 352.1039 16.3563
  10.6907  3.7587 16.2885 354.1344 16.2885
  10.7508  3.7432 16.2210 356.1583 16.2210
  10.8108  3.7276 16.1538 358.1756 16.1538
  10.8709  3.7122 16.0868 360.1862 16.0868
  10.9309  3.6968 16.0201 362.1902 16.0201
  10.9910  3.6815 15.9537 364.1875 15.9537
  11.0511  3.6663 15.8876 366.1781 15.8876
  11.1111  3.6511 15.8217 368.1621 15.8217
  11.1712  3.6359 15.7561 370.1394 15.7561
  11.2312  3.6209 15.6908 372.1100 15.6908
  11.2913  3.6059 15.6258 374.0739 15.6258
  11.3514  3.5909 15.5610 376.0312 15.5610
  11.4114  3.5760 15.4965 377.9817 15.4965
  11.4715  3.5612 15.4323 379.9256 15.4323
  11.5315  3.5465 15.3683 381.8628 15.3683
  11.5916  3.5318 15.3046 383.7932 15.3046
  11.6517  3.5171 15.2411 385.7170 15.2411
  11.7117  3.5026 15.1779 387.6341 15.1779
  11.7718  3.4881 15.1150 389.5445 15.1150
  11.8318  3.4736 15.0524 391.4482 15.0524
  11.8919  3.4592 14.9900 393.3452 14.9900
  11.9520  3.4449 14.9278 395.2356 14.9278
  12.0120  3.4306 14.8659 397.1192 14.8659
  12.0721  3.4164 14.8043 398.9962 14.8043
  12.1321  3.4022 14.7429 400.8664 14.7429
  12.1922  3.3881 14.6818 402.7301 14.6818
  12.2523  3.3741 14.6209 404.5870 14.6209
  12.3123  3.3601 14.5603 406.4373 14.5603
  12.3724  3.3462 14.5000 408.2809 14.5000
  12.4324  3.3323 14.4398 410.1179 14.4398
  12.4925  3.3185 14.3800 411.9482 14.3800
  12.5526  3.3048 14.3204 413.7720 14.3204
  12.6126  3.2911 14.2610 415.5890 14.2610
  12.6727  3.2774 14.2019 417.3995 14.2019
  12.7327  3.2639 14.1430 419.2033 14.1430
  12.7928  3.2503 14.0843 421.0006 14.0843
  12.8529  3.2369 14.0260 422.7912 14.0260
  12.9129  3.2235 13.9678 424.5753 13.9678
  12.9730  3.2101 13.9099 426.3528 13.9099
  13.0330  3.1968 13.8522 428.1237 13.8522
  13.0931  3.1836 13.7948 429.8881 13.7948
  13.1532  3.1704 13.7376 431.6459 13.7376
  13.2132  3.1572 13.6806 433.3972 13.6806
  13.2733  3.1441 13.6239 435.1420 13.6239
  13.3333  3.1311 13.5674 436.8802 13.5674
  13.3934  3.1181 13.5112 438.6120 13.5112
  13.4535  3.1052 13.4552 440.3373 13.4552
  13.5135  3.0924 13.3994 442.0561 13.3994
  13.5736  3.0795 13.3438 443.7684 13.3438
  13.6336  3.0668 13.2885 445.4743 13.2885
  13.6937  3.0541 13.2334 447.1738 13.2334
  13.7538  3.0414 13.1785 448.8668 13.1785
  13.8138  3.0288 13.1239 450.5534 13.1239
  13.8739  3.0163 13.0695 452.2337 13.0695
  13.9339  3.0038 13.0153 453.9075 13.0153
  13.9940  2.9913 12.9613 455.5750 12.9613
  14.0541  2.9789 12.9076 457.2361 12.9076
  14.1141  2.9666 12.8541 458.8909 12.8541
  14.1742  2.9543 12.8008 460.5394 12.8008
  14.2342  2.9420 12.7477 462.1816 12.7477
  14.2943  2.9299 12.6949 463.8174 12.6949
  14.3544  2.9177 12.6422 465.4470 12.6422
  14.4144  2.9056 12.5898 467.0703 12.5898
  14.4745  2.8936 12.5376 468.6874 12.5376
  14.5345  2.8816 12.4856 470.2983 12.4856
  14.5946  2.8697 12.4339 471.9029 12.4339
  14.6547  2.8578 12.3823 473.5013 12.3823
  14.7147  2.8459 12.3310 475.0936 12.3310
  14.7748  2.8341 12.2798 476.6796 12.2798
  14.8348  2.8224 12.2289 478.2596 12.2289
  14.8949  2.8107 12.1782 479.8334 12.1782
  14.9550  2.7990 12.1277 481.4010 12.1277
  15.0150  2.7874 12.0774 482.9626 12.0774
  15.0751  2.7759 12.0274 484.5181 12.0274
  15.1351  2.7644 11.9775 486.0675 11.9775
  15.1952  2.7529 11.9278 487.6109 11.9278
  15.2553  2.7415 11.8784 489.1482 11.8784
  15.3153  2.7302 11.8291 490.6795 11.8291
  15.3754  2.7189 11.7801 492.2048 11.7801
  15.4354  2.7076 11.7312 493.7242 11.7312
  15.4955  2.6964 11.6826 495.2376 11.6826
  15.5556  2.6852 11.6342 496.7450 11.6342
  15.6156  2.6741 11.5859 498.2465 11.5859
  15.6757  2.6630 11.5379 499.7421 11.5379
  15.7357  2.6520 11.4900 501.2318 11.4900
  15.7958  2.6410 11.4424 502.7156 11.4424
  15.8559  2.6300 11.3950 504.1935 11.3950
  15.9159  2.6191 11.3477 505.6657 11.3477
  15.9760  2.6083 11.3007 507.1320 11.3007
  16.0360  2.5975 11.2538 508.5925 11.2538
  16.0961  2.5867 11.2071 510.0472 11.2071
  16.1562  2.5760 11.1607 511.4961 11.1607
  16.2162  2.5653 11.1144 512.9393 11.1144
  16.2763  2.5547 11.0683 514.3768 11.0683
  16.3363  2.5441 11.0224 515.8085 11.0224
  16.3964  2.5336 10.9767 517.2346 10.9767
  16.4565  2.5231 10.9312 518.6550 10.9312
  16.5165  2.5126 10.8859 520.0697 10.8859
  16.5766  2.5022 10.8408 521.4788 10.8408
  16.6366  2.4918 10.7958 522.8823 10.7958
  16.6967  2.4815 10.7511 524.2801 10.7511
  16.7568  2.4712 10.7065 525.6724 10.7065
  16.8168  2.4610 10.6621 527.0592 10.6621
  16.8769  2.4508 10.6179 528.4403 10.6179
  16.9369  2.4406 10.5739 529.8160 10.5739
  16.9970  2.4305 10.5300 531.1861 10.5300
  17.0571  2.4205 10.4864 532.5508 10.4864
  17.1171  2.4104 10.4429 533.9099 10.4429
  17.1772  2.4004 10.3996 535.2637 10.3996
  17.2372  2.3905 10.3565 536.6120 10.3565
  17.2973  2.3806 10.3135 537.9548 10.3135
  17.3574  2.3707 10.2708 539.2923 10.2708
  17.4174  2.3609 10.2282 540.6244 10.2282
  17.4775  2.3511 10.1858 541.9511 10.1858
  17.5375  2.3414 10.1435 543.2725 10.1435
  17.5976  2.3317 10.1015 544.5886 10.1015
  17.6577  2.3220 10.0596 545.8994 10.0596
  17.7177  2.3124 10.0179 547.2049 10.0179
  17.7778  2.3028  9.9764 548.5051  9.9764
  17.8378  2.2933  9.9350 549.8001  9.9350
  17.8979  2.2838  9.8938 551.0898  9.8938
  17.9580  2.2743  9.8528 552.3744  9.8528
  18.0180  2.2649  9.8119 553.6537  9.8119
  18.0781  2.2555  9.7713 554.9279  9.7713
  18.1381  2.2462  9.7308 556.1969  9.7308
  18.1982  2.2369  9.6904 557.4608  9.6904
  18.2583  2.2276  9.6502 558.7195  9.6502
  18.3183  2.2184  9.6102 559.9732  9.6102
  18.3784  2.2092  9.5704 561.2218  9.5704
  18.4384  2.2000  9.5307 562.4653  9.5307
  18.4985  2.1909  9.4912 563.7038  9.4912
  18.5586  2.1818  9.4518 564.9372  9.4518
  18.6186  2.1728  9.4127 566.1657  9.4127
  18.6787  2.1638  9.3736 567.3891  9.3736
  18.7387  2.1548  9.3348 568.6076  9.3348
  18.7988  2.1459  9.2961 569.8212  9.2961
  18.8589  2.1370  9.2575 571.0298  9.2575
  18.9189  2.1282  9.2191 572.2334  9.2191
  18.9790  2.1193  9.1809 573.4322  9.1809
  19.0390  2.1106  9.1429 574.6261  9.1429
  19.0991  2.1018  9.1050 575.8152  9.1050
  19.1592  2.0931  9.0672 576.9994  9.0672
  19.2192  2.0844  9.0296 578.1788  9.0296
  19.2793  2.0758  8.9922 579.3533  8.9922
  19.3393  2.0672  8.9549 580.5231  8.9549
  19.3994  2.0586  8.9178 581.6881  8.9178
  19.4595  2.0501  8.8808 582.8484  8.8808
  19.5195  2.0416  8.8440 584.0039  8.8440
  19.5796  2.0332  8.8073 585.1548  8.8073
  19.6396  2.0247  8.7708 586.3009  8.7708
  19.6997  2.0164  8.7345 587.4423  8.7345
  19.7598  2.0080  8.6982 588.5791  8.6982
  19.8198  1.9997  8.6622 589.7112  8.6622
  19.8799  1.9914  8.6263 590.8387  8.6263
  19.9399  1.9832  8.5905 591.9616  8.5905
  20.0000  1.9749  8.5549 593.0799  8.5549
  20.0601  1.9668  8.5194 594.1936  8.5194
  20.1201  1.9586  8.4841 595.3028  8.4841
  20.1802  1.9505  8.4490 596.4074  8.4490
  20.2402  1.9424  8.4139 597.5075  8.4139
  20.3003  1.9344  8.3790 598.6031  8.3790
  20.3604  1.9264  8.3443 599.6942  8.3443
  20.4204  1.9184  8.3097 600.7808  8.3097
  20.4805  1.9104  8.2753 601.8630  8.2753
  20.5405  1.9025  8.2410 602.9408  8.2410
  20.6006  1.8946  8.2068 604.0141  8.2068
  20.6607  1.8868  8.1728 605.0830  8.1728
  20.7207  1.8790  8.1389 606.1476  8.1389
  20.7808  1.8712  8.1052 607.2077  8.1052
  20.8408  1.8634  8.0716 608.2636  8.0716
  20.9009  1.8557  8.0381 609.3151  8.0381
  20.9610  1.8480  8.0048 610.3622  8.0048
  21.0210  1.8404  7.9716 611.4051  7.9716
  21.0811  1.8328  7.9386 612.4437  7.9386
  21.1411  1.8252  7.9057 613.4781  7.9057
  21.2012  1.8176  7.8729 614.5081  7.8729
  21.2613  1.8101  7.8402 615.5340  7.8402
  21.3213  1.8026  7.8077 616.5556  7.8077
  21.3814  1.7951  7.7754 617.5730  7.7754
  21.4414  1.7877  7.7432 618.5863  7.7432
  21.5015  1.7803  7.7111 619.5954  7.7111
  21.5616  1.7729  7.6791 620.6003  7.6791
  21.6216  1.7656  7.6473 621.6011  7.6473
  21.6817  1.7583  7.6156 622.5978  7.6156
  21.7417  1.7510  7.5840 623.5904  7.5840
  21.8018  1.7437  7.5526 624.5789  7.5526
  21.8619  1.7365  7.5213 625.5633  7.5213
  21.9219  1.7293  7.4901 626.5437  7.4901
  21.9820  1.7221  7.4590 627.5200  7.4590
  22.0420  1.7150  7.4281 628.4923  7.4281
  22.1021  1.7079  7.3973 629.4607  7.3973
  22.1622  1.7008  7.3667 630.4250  7.3667
  22.2222  1.6938  7.3361 631.3853  7.3361
  22.2823  1.6868  7.3057 632.3417  7.3057
  22.3423  1.6798  7.2754 633.2942  7.2754
  22.4024  1.6728  7.2453 634.2427  7.2453
  22.4625  1.6659  7.2153 635.1873  7.2153
  22.5225  1.6590  7.1854 636.1281  7.1854
  22.5826  1.6521  7.1556 637.0649  7.1556
  22.6426  1.6453  7.1259 637.9979  7.1259
  22.7027  1.6385  7.0964 638.9270  7.0964
  22.7628  1.6317  7.0670 639.8523  7.0670
  22.8228  1.6249  7.0377 640.7738  7.0377
  22.8829  1.6182  7.0085 641.6915  7.0085
  22.9429  1.6115  6.9795 642.6054  6.9795
  23.0030  1.6048  6.9505 643.5155  6.9505
  23.0631  1.5982  6.9217 644.4219  6.9217
  23.1231  1.5916  6.8930 645.3245  6.8930
  23.1832  1.5850  6.8645 646.2234  6.8645
  23.2432  1.5784  6.8360 647.1186  6.8360
  23.3033  1.5719  6.8077 648.0101  6.8077
  23.3634  1.5654  6.7795 648.8979  6.7795
  23.4234  1.5589  6.7514 649.7821  6.7514
  23.4835  1.5524  6.7234 650.6626  6.7234
  23.5435  1.5460  6.6955 651.5395  6.6955
  23.6036  1.5396  6.6678 652.4127  6.6678
  23.6637  1.5332  6.6401 653.2823  6.6401
  23.7237  1.5269  6.6126 654.1484  6.6126
  23.7838  1.5206  6.5852 655.0108  6.5852
  23.8438  1.5143  6.5579 655.8697  6.5579
  23.9039  1.5080  6.5308 656.7251  6.5308
  23.9640  1.5018  6.5037 657.5769  6.5037
  24.0240  1.4955  6.4767 658.4252  6.4767
  24.0841  1.4894  6.4499 659.2700  6.4499
  24.1441  1.4832  6.4232 660.1113  6.4232
  24.2042  1.4771  6.3966 660.9491  6.3966
  24.2643  1.4709  6.3700 661.7834  6.3700
  24.3243  1.4648  6.3436 662.6143  6.3436
  24.3844  1.4588  6.3174 663.4418  6.3174
  24.4444  1.4527  6.2912 664.2658  6.2912
  24.5045  1.4467  6.2651 665.0865  6.2651
  24.5646  1.4407  6.2391 665.9037  6.2391
  24.6246  1.4348  6.2133 666.7176  6.2133
  24.6847  1.4288  6.1875 667.5281  6.1875
  24.7447  1.4229  6.1619 668.3352  6.1619
  24.8048  1.4170  6.1364 669.1390  6.1364
  24.8649  1.4112  6.1109 669.9395  6.1109
  24.9249  1.4053  6.0856 670.7366  6.0856
  24.9850  1.3995  6.0604 671.5305  6.0604
  25.0450  1.3937  6.0353 672.3211  6.0353
  25.1051  1.3879  6.0103 673.1084  6.0103
  25.1652  1.3822  5.9854 673.8924  5.9854
  25.2252  1.3765  5.9606 674.6732  5.9606
  25.2853  1.3708  5.9359 675.4508  5.9359
  25.3453  1.3651  5.9113 676.2251  5.9113
  25.4054  1.3595  5.8868 676.9963  5.8868
  25.4655  1.3538  5.8624 677.7642  5.8624
  25.5255  1.3482  5.8381 678.5290  5.8381
  25.5856  1.3426  5.8139 679.2906  5.8139
  25.6456  1.3371  5.7898 680.0490  5.7898
  25.7057  1.3316  5.7658 680.8044  5.7658
  25.7658  1.3260  5.7419 681.5565  5.7419
  25.8258  1.3206  5.7182 682.3056  5.7182
  25.8859  1.3151  5.6945 683.0516  5.6945
  25.9459  1.3096  5.6709 683.7944  5.6709
  26.0060  1.3042  5.6474 684.5342  5.6474
  26.0661  1.2988  5.6240 685.2710  5.6240
  26.1261  1.2935  5.6007 686.0046  5.6007
  26.1862  1.2881  5.5775 686.7353  5.5775
  26.2462  1.2828  5.5544 687.4629  5.5544
  26.3063  1.2775  5.5313 688.1875  5.5313
  26.3664  1.2722  5.5084 688.9091  5.5084
  26.4264  1.2669  5.4856 689.6277  5.4856
  26.4865  1.2617  5.4629 690.3433  5.4629
  26.5465  1.2564  5.4403 691.0560  5.4403
  26.6066  1.2512  5.4177 691.7657  5.4177
  26.6667  1.2461  5.3953 692.4725  5.3953
  26.7267  1.2409  5.3729 693.1763  5.3729
  26.7868  1.2358  5.3507 693.8772  5.3507
  26.8468  1.2307  5.3285 694.5752  5.3285
  26.9069  1.2256  5.3064 695.2704  5.3064
  26.9670  1.2205  5.2844 695.9626  5.2844
  27.0270  1.2154  5.2625 696.6520  5.2625
  27.0871  1.2104  5.2407 697.3385  5.2407
  27.1471  1.2054  5.2190 698.0222  5.2190
  27.2072  1.2004  5.1974 698.7030  5.1974
  27.2673  1.1955  5.1759 699.3810  5.1759
  27.3273  1.1905  5.1544 700.0562  5.1544
  27.3874  1.1856  5.1331 700.7286  5.1331
  27.4474  1.1807  5.1118 701.3982  5.1118
  27.5075  1.1758  5.0906 702.0650  5.0906
  27.5676  1.1709  5.0696 702.7291  5.0696
  27.6276  1.1661  5.0486 703.3904  5.0486
  27.6877  1.1613  5.0276 704.0490  5.0276
  27.7477  1.1565  5.0068 704.7048  5.0068
  27.8078  1.1517  4.9861 705.3580  4.9861
  27.8679  1.1469  4.9654 706.0084  4.9654
  27.9279  1.1422  4.9449 706.6561  4.9449
  27.9880  1.1374  4.9244 707.3011  4.9244
  28.0480  1.1327  4.9040 707.9435  4.9040
  28.1081  1.1280  4.8837 708.5832  4.8837
  28.1682  1.1234  4.8634 709.2202  4.8634
  28.2282  1.1187  4.8433 709.8546  4.8433
  28.2883  1.1141  4.8232 710.4864  4.8232
  28.3483  1.1095  4.8033 711.1155  4.8033
  28.4084  1.1049  4.7834 711.7421  4.7834
  28.4685  1.1003  4.7636 712.3660  4.7636
  28.5285  1.0958  4.7438 712.9873  4.7438
  28.5886  1.0912  4.7242 713.6061  4.7242
  28.6486  1.0867  4.7046 714.2223  4.7046
  28.7087  1.0822  4.6851 714.8360  4.6851
  28.7688  1.0778  4.6657 715.4471  4.6657
  28.8288  1.0733  4.6464 716.0556  4.6464
  28.8889  1.0689  4.6272 716.6617  4.6272
  28.9489  1.0644  4.6080 717.2652  4.6080
  29.0090  1.0600  4.5889 717.8662  4.5889
  29.0691  1.0557  4.5699 718.4647  4.5699
  29.1291  1.0513  4.5510 719.0608  4.5510
  29.1892  1.0469  4.5321 719.6543  4.5321
  29.2492  1.0426  4.5134 720.2455  4.5134
  29.3093  1.0383  4.4947 720.8341  4.4947
  29.3694  1.0340  4.4761 721.4203  4.4761
  29.4294  1.0297  4.4575 722.0041  4.4575
  29.4895  1.0255  4.4391 722.5855  4.4391
  29.5495  1.0212  4.4207 723.1644  4.4207
  29.6096  1.0170  4.4024 723.7409  4.4024
  29.6697  1.0128  4.3841 724.3151  4.3841
  29.7297  1.0086  4.3660 724.8869  4.3660
  29.7898  1.0044  4.3479 725.4562  4.3479
  29.8498  1.0003  4.3299 726.0233  4.3299
  29.9099  0.9962  4.3120 726.5880  4.3120
  29.9700  0.9920  4.2941 727.1503  4.2941
  30.0300  0.9879  4.2763 727.7103  4.2763
  30.0901  0.9838  4.2586 728.2680  4.2586
  30.1502  0.9798  4.2410 728.8233  4.2410
  30.2102  0.9757  4.2234 729.3764  4.2234
  30.2703  0.9717  4.2060 729.9271  4.2060
  30.3303  0.9677  4.1885 730.4756  4.1885
  30.3904  0.9637  4.1712 731.0218  4.1712
  30.4505  0.9597  4.1539 731.5657  4.1539
  30.5105  0.9557  4.1367 732.1074  4.1367
  30.5706  0.9518  4.1196 732.6468  4.1196
  30.6306  0.9478  4.1025 733.1840  4.1025
  30.6907  0.9439  4.0856 733.7190  4.0856
  30.7508  0.9400  4.0686 734.2517  4.0686
  30.8108  0.9361  4.0518 734.7822  4.0518
  30.8709  0.9323  4.0350 735.3105  4.0350
  30.9309  0.9284  4.0183 735.8367  4.0183
  30.9910  0.9246  4.0017 736.3606  4.0017
  31.0511  0.9207  3.9851 736.8824  3.9851
  31.1111  0.9169  3.9686 737.4020  3.9686
  31.1712  0.9131  3.9522 737.9194  3.9522
  31.2312  0.9094  3.9358 738.4347  3.9358
  31.2913  0.9056  3.9195 738.9479  3.9195
  31.3514  0.9019  3.9033 739.4589  3.9033
  31.4114  0.8981  3.8871 739.9678  3.8871
  31.4715  0.8944  3.8711 740.4746  3.8711
  31.5315  0.8907  3.8550 740.9793  3.8550
  31.5916  0.8871  3.8391 741.4819  3.8391
  31.6517  0.8834  3.8232 741.9824  3.8232
  31.7117  0.8797  3.8074 742.4808  3.8074
  31.7718  0.8761  3.7916 742.9772  3.7916
  31.8318  0.8725  3.7759 743.4714  3.7759
  31.8919  0.8689  3.7603 743.9637  3.7603
  31.9520  0.8653  3.7447 744.4539  3.7447
  32.0120  0.8617  3.7292 744.9421  3.7292
  32.0721  0.8581  3.7138 745.4282  3.7138
  32.1321  0.8546  3.6984 745.9123  3.6984
  32.1922  0.8511  3.6831 746.3944  3.6831
  32.2523  0.8475  3.6678 746.8745  3.6678
  32.3123  0.8440  3.6527 747.3526  3.6527
  32.3724  0.8406  3.6376 747.8288  3.6376
  32.4324  0.8371  3.6225 748.3029  3.6225
  32.4925  0.8336  3.6075 748.7751  3.6075
  32.5526  0.8302  3.5926 749.2453  3.5926
  32.6126  0.8267  3.5777 749.7136  3.5777
  32.6727  0.8233  3.5629 750.1799  3.5629
  32.7327  0.8199  3.5482 750.6443  3.5482
  32.7928  0.8165  3.5335 751.1068  3.5335
  32.8529  0.8132  3.5188 751.5673  3.5188
  32.9129  0.8098  3.5043 752.0259  3.5043
  32.9730  0.8065  3.4898 752.4827  3.4898
  33.0330  0.8031  3.4753 752.9375  3.4753
  33.0931  0.7998  3.4610 753.3904  3.4610
  33.1532  0.7965  3.4466 753.8415  3.4466
  33.2132  0.7932  3.4324 754.2907  3.4324
  33.2733  0.7899  3.4182 754.7380  3.4182
  33.3333  0.7867  3.4040 755.1834  3.4040
  33.3934  0.7834  3.3899 755.6271  3.3899
  33.4535  0.7802  3.3759 756.0688  3.3759
  33.5135  0.7770  3.3619 756.5088  3.3619
  33.5736  0.7738  3.3480 756.9469  3.3480
  33.6336  0.7706  3.3342 757.3831  3.3342
  33.6937  0.7674  3.3204 757.8176  3.3204
  33.7538  0.7642  3.3066 758.2503  3.3066
  33.8138  0.7611  3.2930 758.6812  3.2930
  33.8739  0.7579  3.2793 759.1103  3.2793
  33.9339  0.7548  3.2658 759.5376  3.2658
  33.9940  0.7517  3.2523 759.9631  3.2523
  34.0541  0.7486  3.2388 760.3868  3.2388
  34.1141  0.7455  3.2254 760.8088  3.2254
  34.1742  0.7424  3.2121 761.2291  3.2121
  34.2342  0.7393  3.1988 761.6476  3.1988
  34.2943  0.7363  3.1855 762.0644  3.1855
  34.3544  0.7332  3.1724 762.4794  3.1724
  34.4144  0.7302  3.1592 762.8927  3.1592
  34.4745  0.7272  3.1462 763.3043  3.1462
  34.5345  0.7242  3.1332 763.7142  3.1332
  34.5946  0.7212  3.1202 764.1224  3.1202
  34.6547  0.7182  3.1073 764.5288  3.1073
  34.7147  0.7153  3.0944 764.9336  3.0944
  34.7748  0.7123  3.0816 765.3368  3.0816
  34.8348  0.7094  3.0689 765.7382  3.0689
  34.8949  0.7064  3.0562 766.1380  3.0562
  34.9550  0.7035  3.0435 766.5361  3.0435
  35.0150  0.7006  3.0310 766.9325  3.0310
  35.0751  0.6977  3.0184 767.3274  3.0184
  35.1351  0.6948  3.0059 767.7205  3.0059
  35.1952  0.6920  2.9935 768.1121  2.9935
  35.2553  0.6891  2.9811 768.5020  2.9811
  35.3153  0.6863  2.9688 768.8903  2.9688
  35.3754  0.6834  2.9565 769.2770  2.9565
  35.4354  0.6806  2.9443 769.6620  2.9443
  35.4955  0.6778  2.9321 770.0455  2.9321
  35.5556  0.6750  2.9200 770.4274  2.9200
  35.6156  0.6722  2.9079 770.8077  2.9079
  35.6757  0.6694  2.8959 771.1864  2.8959
  35.7357  0.6667  2.8839 771.5636  2.8839
  35.7958  0.6639  2.8720 771.9392  2.8720
  35.8559  0.6612  2.8601 772.3132  2.8601
  35.9159  0.6585  2.8483 772.6856  2.8483
  35.9760  0.6557  2.8365 773.0566  2.8365
  36.0360  0.6530  2.8248 773.4259  2.8248
  36.0961  0.6503  2.8131 773.7938  2.8131
  36.1562  0.6477  2.8015 774.1601  2.8015
  36.2162  0.6450  2.7899 774.5249  2.7899
  36.2763  0.6423  2.7783 774.8882  2.7783
  36.3363  0.6397  2.7668 775.2499  2.7668
  36.3964  0.6370  2.7554 775.6102  2.7554
  36.4565  0.6344  2.7440 775.9690  2.7440
  36.5165  0.6318  2.7327 776.3263  2.7327
  36.5766  0.6292  2.7214 776.6820  2.7214
  36.6366  0.6266  2.7101 777.0364  2.7101
  36.6967  0.6240  2.6989 777.3892  2.6989
  36.7568  0.6214  2.6878 777.7406  2.6878
  36.8168  0.6189  2.6766 778.0905  2.6766
  36.8769  0.6163  2.6656 778.4390  2.6656
  36.9369  0.6138  2.6546 778.7860  2.6546
  36.9970  0.6112  2.6436 779.1316  2.6436
  37.0571  0.6087  2.6327 779.4757  2.6327
  37.1171  0.6062  2.6218 779.8184  2.6218
  37.1772  0.6037  2.6109 780.1597  2.6109
  37.2372  0.6012  2.6001 780.4996  2.6001
  37.2973  0.5987  2.5894 780.8381  2.5894
  37.3574  0.5963  2.5787 781.1751  2.5787
  37.4174  0.5938  2.5680 781.5108  2.5680
  37.4775  0.5914  2.5574 781.8450  2.5574
  37.5375  0.5889  2.5468 782.1779  2.5468
  37.5976  0.5865  2.5363 782.5094  2.5363
  37.6577  0.5841  2.5258 782.8395  2.5258
  37.7177  0.5817  2.5154 783.1683  2.5154
  37.7778  0.5793  2.5050 783.4956  2.5050
  37.8378  0.5769  2.4946 783.8216  2.4946
  37.8979  0.5745  2.4843 784.1463  2.4843
  37.9580  0.5721  2.4741 784.4696  2.4741
  38.0180  0.5698  2.4638 784.7916  2.4638
  38.0781  0.5674  2.4537 785.1122  2.4537
  38.1381  0.5651  2.4435 785.4315  2.4435
  38.1982  0.5627  2.4334 785.7495  2.4334
  38.2583  0.5604  2.4234 786.0661  2.4234
  38.3183  0.5581  2.4134 786.3815  2.4134
  38.3784  0.5558  2.4034 786.6955  2.4034
  38.4384  0.5535  2.3935 787.0082  2.3935
  38.4985  0.5512  2.3836 787.3197  2.3836
  38.5586  0.5490  2.3737 787.6298  2.3737
  38.6186  0.5467  2.3639 787.9386  2.3639
  38.6787  0.5444  2.3541 788.2462  2.3541
  38.7387  0.5422  2.3444 788.5525  2.3444
  38.7988  0.5400  2.3347 788.8575  2.3347
  38.8589  0.5377  2.3251 789.1612  2.3251
  38.9189  0.5355  2.3155 789.4637  2.3155
  38.9790  0.5333  2.3059 789.7649  2.3059
  39.0390  0.5311  2.2964 790.0649  2.2964
  39.0991  0.5289  2.2869 790.3636  2.2869
  39.1592  0.5268  2.2774 790.6611  2.2774
  39.2192  0.5246  2.2680 790.9574  2.2680
  39.2793  0.5224  2.2587 791.2524  2.2587
  39.3393  0.5203  2.2493 791.5462  2.2493
  39.3994  0.5181  2.2400 791.8388  2.2400
  39.4595  0.5160  2.2308 792.1301  2.2308
  39.5195  0.5139  2.2216 792.4203  2.2216
  39.5796  0.5117  2.2124 792.7092  2.2124
  39.6396  0.5096  2.2033 792.9969  2.2033
  39.6997  0.5075  2.1942 793.2835  2.1942
  39.7598  0.5054  2.1851 793.5688  2.1851
  39.8198  0.5034  2.1761 793.8530  2.1761
  39.8799  0.5013  2.1671 794.1360  2.1671
  39.9399  0.4992  2.1581 794.4178  2.1581
  40.0000  0.4972  2.1492 794.6985  2.1492
  40.0601  0.4951  2.1403 794.9779  2.1403
  40.1201  0.4931  2.1315 795.2563  2.1315
  40.1802  0.4910  2.1227 795.5334  2.1227
  40.2402  0.4890  2.1139 795.8094  2.1139
  40.3003  0.4870  2.1052 796.0843  2.1052
  40.3604  0.4850  2.0965 796.3580  2.0965
  40.4204  0.4830  2.0879 796.6306  2.0879
  40.4805  0.4810  2.0792 796.9021  2.0792
  40.5405  0.4790  2.0707 797.1724  2.0707
  40.6006  0.4771  2.0621 797.4416  2.0621
  40.6607  0.4751  2.0536 797.7097  2.0536
  40.7207  0.4731  2.0451 797.9766  2.0451
  40.7808  0.4712  2.0367 798.2425  2.0367
  40.8408  0.4693  2.0283 798.5072  2.0283
  40.9009  0.4673  2.0199 798.7709  2.0199
  40.9610  0.4654  2.0115 799.0335  2.0115
  41.0210  0.4635  2.0032 799.2949  2.0032
  41.0811  0.4616  1.9950 799.5553  1.9950
  41.1411  0.4597  1.9867 799.8146  1.9867
  41.2012  0.4578  1.9785 800.0728  1.9785
  41.2613  0.4559  1.9704 800.3300  1.9704
  41.3213  0.4540  1.9622 800.5861  1.9622
  41.3814  0.4522  1.9541 800.8411  1.9541
  41.4414  0.4503  1.9461 801.0951  1.9461
  41.5015  0.4484  1.9380 801.3480  1.9380
  41.5616  0.4466  1.9300 801.5998  1.9300
  41.6216  0.4448  1.9221 801.8506  1.9221
  41.6817  0.4429  1.9141 802.1004  1.9141
  41.7417  0.4411  1.9062 802.3491  1.9062
  41.8018  0.4393  1.8984 802.5968  1.8984
  41.8619  0.4375  1.8905 802.8435  1.8905
  41.9219  0.4357  1.8827 803.0891  1.8827
  41.9820  0.4339  1.8750 803.3338  1.8750
  42.0420  0.4321  1.8672 803.5774  1.8672
  42.1021  0.4303  1.8595 803.8200  1.8595
  42.1622  0.4286  1.8518 804.0615  1.8518
  42.2222  0.4268  1.8442 804.3021  1.8442
  42.2823  0.4250  1.8366 804.5417  1.8366
  42.3423  0.4233  1.8290 804.7803  1.8290
  42.4024  0.4215  1.8215 805.0179  1.8215
  42.4625  0.4198  1.8140 805.2545  1.8140
  42.5225  0.4181  1.8065 805.4901  1.8065
  42.5826  0.4164  1.7990 805.7248  1.7990
  42.6426  0.4147  1.7916 805.9584  1.7916
  42.7027  0.4129  1.7842 806.1912  1.7842
  42.7628  0.4112  1.7768 806.4229  1.7768
  42.8228  0.4096  1.7695 806.6537  1.7695
  42.8829  0.4079  1.7622 806.8835  1.7622
  42.9429  0.4062  1.7549 807.1123  1.7549
  43.0030  0.4045  1.7477 807.3402  1.7477
  43.0631  0.4029  1.7405 807.5672  1.7405
  43.1231  0.4012  1.7333 807.7932  1.7333
  43.1832  0.3996  1.7262 808.0183  1.7262
  43.2432  0.3979  1.7191 808.2424  1.7191
  43.3033  0.3963  1.7120 808.4657  1.7120
  43.3634  0.3946  1.7049 808.6879  1.7049
  43.4234  0.3930  1.6979 808.9093  1.6979
  43.4835  0.3914  1.6909 809.1298  1.6909
  43.5435  0.3898  1.6839 809.3493  1.6839
  43.6036  0.3882  1.6770 809.5679  1.6770
  43.6637  0.3866  1.6700 809.7856  1.6700
  43.7237  0.3850  1.6632 810.0024  1.6632
  43.7838  0.3834  1.6563 810.2183  1.6563
  43.8438  0.3819  1.6495 810.4333  1.6495
  43.9039  0.3803  1.6427 810.6474  1.6427
  43.9640  0.3787  1.6359 810.8606  1.6359
  44.0240  0.3772  1.6291 811.0730  1.6291
  44.0841  0.3756  1.6224 811.2844  1.6224
  44.1441  0.3741  1.6157 811.4950  1.6157
  44.2042  0.3725  1.6091 811.7047  1.6091
  44.2643  0.3710  1.6024 811.9135  1.6024
  44.3243  0.3695  1.5958 812.1215  1.5958
  44.3844  0.3680  1.5893 812.3286  1.5893
  44.4444  0.3665  1.5827 812.5348  1.5827
  44.5045  0.3649  1.5762 812.7402  1.5762
  44.5646  0.3634  1.5697 812.9448  1.5697
  44.6246  0.3620  1.5632 813.1484  1.5632
  44.6847  0.3605  1.5568 813.3513  1.5568
  44.7447  0.3590  1.5504 813.5533  1.5504
  44.8048  0.3575  1.5440 813.7544  1.5440
  44.8649  0.3560  1.5376 813.9547  1.5376
  44.9249  0.3546  1.5313 814.1542  1.5313
  44.9850  0.3531  1.5250 814.3529  1.5250
  45.0450  0.3517  1.5187 814.5507  1.5187
  45.1051  0.3502  1.5124 814.7477  1.5124
  45.1652  0.3488  1.5062 814.9439  1.5062
  45.2252  0.3474  1.5000 815.1393  1.5000
  45.2853  0.3459  1.4938 815.3338  1.4938
  45.3453  0.3445  1.4876 815.5276  1.4876
  45.4054  0.3431  1.4815 815.7205  1.4815
  45.4655  0.3417  1.4754 815.9127  1.4754
  45.5255  0.3403  1.4693 816.1040  1.4693
  45.5856  0.3389  1.4633 816.2946  1.4633
  45.6456  0.3375  1.4573 816.4843  1.4573
  45.7057  0.3361  1.4513 816.6733  1.4513
  45.7658  0.3347  1.4453 816.8615  1.4453
  45.8258  0.3334  1.4393 817.0489  1.4393
  45.8859  0.3320  1.4334 817.2355  1.4334
  45.9459  0.3306  1.4275 817.4214  1.4275
  46.0060  0.3293  1.4216 817.6065  1.4216
  46.0661  0.3279  1.4158 817.7908  1.4158
  46.1261  0.3266  1.4099 817.9743  1.4099
  46.1862  0.3252  1.4041 818.1571  1.4041
  46.2462  0.3239  1.3983 818.3391  1.3983
  46.3063  0.3226  1.3926 818.5204  1.3926
  46.3664  0.3213  1.3868 818.7009  1.3868
  46.4264  0.3199  1.3811 818.8807  1.3811
  46.4865  0.3186  1.3754 819.0597  1.3754
  46.5465  0.3173  1.3698 819.2380  1.3698
  46.6066  0.3160  1.3641 819.4155  1.3641
  46.6667  0.3147  1.3585 819.5923  1.3585
  46.7267  0.3134  1.3529 819.7684  1.3529
  46.7868  0.3121  1.3474 819.9437  1.3474
  46.8468  0.3109  1.3418 820.1183  1.3418
  46.9069  0.3096  1.3363 820.2922  1.3363
  46.9670  0.3083  1.3308 820.4653  1.3308
  47.0270  0.3071  1.3253 820.6378  1.3253
  47.0871  0.3058  1.3199 820.8095  1.3199
  47.1471  0.3045  1.3144 820.9805  1.3144
  47.2072  0.3033  1.3090 821.1508  1.3090
  47.2673  0.3021  1.3036 821.3204  1.3036
  47.3273  0.3008  1.2983 821.4893  1.2983
  47.3874  0.2996  1.2929 821.6575  1.2929
  47.4474  0.2984  1.2876 821.8249  1.2876
  47.5075  0.2971  1.2823 821.9917  1.2823
  47.5676  0.2959  1.2770 822.1578  1.2770
  47.6276  0.2947  1.2718 822.3232  1.2718
  47.6877  0.2935  1.2665 822.4879  1.2665
  47.7477  0.2923  1.2613 822.6520  1.2613
  47.8078  0.2911  1.2561 822.8153  1.2561
  47.8679  0.2899  1.2510 822.9780  1.2510
  47.9279  0.2887  1.2458 823.1400  1.2458
  47.9880  0.2875  1.2407 823.3013  1.2407
  48.0480  0.2864  1.2356 823.4620  1.2356
  48.1081  0.2852  1.2305 823.6220  1.2305
  48.1682  0.2840  1.2254 823.7813  1.2254
  48.2282  0.2829  1.2204 823.9399  1.2204
  48.2883  0.2817  1.2154 824.0979  1.2154
  48.3483  0.2805  1.2104 824.2553  1.2104
  48.4084  0.2794  1.2054 824.4120  1.2054
  48.4685  0.2782  1.2005 824.5680  1.2005
  48.5285  0.2771  1.1955 824.7234  1.1955
  48.5886  0.2760  1.1906 824.8782  1.1906
  48.6486  0.2748  1.1857 825.0323  1.1857
  48.7087  0.2737  1.1808 825.1857  1.1808
  48.7688  0.2726  1.1760 825.3385  1.1760
  48.8288  0.2715  1.1711 825.4907  1.1711
  48.8889  0.2704  1.1663 825.6423  1.1663
  48.9489  0.2693  1.1615 825.7932  1.1615
  49.0090  0.2682  1.1568 825.9435  1.1568
  49.0691  0.2671  1.1520 826.0932  1.1520
  49.1291  0.2660  1.1473 826.2423  1.1473
  49.1892  0.2649  1.1426 826.3907  1.1426
  49.2492  0.2638  1.1379 826.5385  1.1379
  49.3093  0.2627  1.1332 826.6857  1.1332
  49.3694  0.2616  1.1285 826.8323  1.1285
  49.4294  0.2606  1.1239 826.9783  1.1239
  49.4895  0.2595  1.1193 827.1237  1.1193
  49.5495  0.2584  1.1147 827.2685  1.1147
  49.6096  0.2574  1.1101 827.4126  1.1101
  49.6697  0.2563  1.1055 827.5562  1.1055
  49.7297  0.2553  1.1010 827.6992  1.1010
  49.7898  0.2542  1.0965 827.8416  1.0965
  49.8498  0.2532  1.0920 827.9834  1.0920
  49.9099  0.2522  1.0875 828.1246  1.0875
  49.9700  0.2511  1.0830 828.2652  1.0830
  50.0300  0.2501  1.0785 828.4052  1.0785
  50.0901  0.2491  1.0741 828.5447  1.0741
  50.1502  0.2481  1.0697 828.6835  1.0697
  50.2102  0.2471  1.0653 828.8218  1.0653
  50.2703  0.2461  1.0609 828.9595  1.0609
  50.3303  0.2450  1.0566 829.0967  1.0566
  50.3904  0.2440  1.0522 829.2333  1.0522
  50.4505  0.2430  1.0479 829.3693  1.0479
  50.5105  0.2421  1.0436 829.5047  1.0436
  50.5706  0.2411  1.0393 829.6396  1.0393
  50.6306  0.2401  1.0351 829.7739  1.0351
  50.6907  0.2391  1.0308 829.9077  1.0308
  50.7508  0.2381  1.0266 830.0409  1.0266
  50.8108  0.2372  1.0224 830.1736  1.0224
  50.8709  0.2362  1.0182 830.3057  1.0182
  50.9309  0.2352  1.0140 830.4372  1.0140
  50.9910  0.2343  1.0098 830.5682  1.0098
  51.0511  0.2333  1.0057 830.6987  1.0057
  51.1111  0.2323  1.0016 830.8286  1.0016
  51.1712  0.2314  0.9974 830.9580  0.9974
  51.2312  0.2305  0.9933 831.0868  0.9933
  51.2913  0.2295  0.9893 831.2151  0.9893
  51.3514  0.2286  0.9852 831.3429  0.9852
  51.4114  0.2276  0.9812 831.4702  0.9812
  51.4715  0.2267  0.9771 831.5969  0.9771
  51.5315  0.2258  0.9731 831.7231  0.9731
  51.5916  0.2249  0.9691 831.8487  0.9691
  51.6517  0.2240  0.9652 831.9739  0.9652
  51.7117  0.2230  0.9612 832.0985  0.9612
  51.7718  0.2221  0.9573 832.2226  0.9573
  51.8318  0.2212  0.9533 832.3462  0.9533
  51.8919  0.2203  0.9494 832.4693  0.9494
  51.9520  0.2194  0.9455 832.5919  0.9455
  52.0120  0.2185  0.9417 832.7139  0.9417
  52.0721  0.2176  0.9378 832.8355  0.9378
  52.1321  0.2167  0.9339 832.9565  0.9339
  52.1922  0.2159  0.9301 833.0771  0.9301
  52.2523  0.2150  0.9263 833.1971  0.9263
  52.3123  0.2141  0.9225 833.3166  0.9225
  52.3724  0.2132  0.9187 833.4357  0.9187
  52.4324  0.2124  0.9149 833.5542  0.9149
  52.4925  0.2115  0.9112 833.6723  0.9112
  52.5526  0.2106  0.9075 833.7899  0.9075
  52.6126  0.2098  0.9037 833.9069  0.9037
  52.6727  0.2089  0.9000 834.0235  0.9000
  52.7327  0.2081  0.8963 834.1397  0.8963
  52.7928  0.2072  0.8927 834.2553  0.8927
  52.8529  0.2064  0.8890 834.3704  0.8890
  52.9129  0.2055  0.8854 834.4851  0.8854
  52.9730  0.2047  0.8817 834.5993  0.8817
  53.0330  0.2039  0.8781 834.7130  0.8781
  53.0931  0.2030  0.8745 834.8263  0.8745
  53.1532  0.2022  0.8709 834.9390  0.8709
  53.2132  0.2014  0.8674 835.0513  0.8674
  53.2733  0.2006  0.8638 835.1632  0.8638
  53.3333  0.1997  0.8603 835.2745  0.8603
  53.3934  0.1989  0.8568 835.3855  0.8568
  53.4535  0.1981  0.8533 835.4959  0.8533
  53.5135  0.1973  0.8498 835.6059  0.8498
  53.5736  0.1965  0.8463 835.7154  0.8463
  53.6336  0.1957  0.8428 835.8245  0.8428
  53.6937  0.1949  0.8394 835.9332  0.8394
  53.7538  0.1941  0.8359 836.0413  0.8359
  53.8138  0.1933  0.8325 836.1491  0.8325
  53.8739  0.1925  0.8291 836.2563  0.8291
  53.9339  0.1918  0.8257 836.3632  0.8257
  53.9940  0.1910  0.8223 836.4696  0.8223
  54.0541  0.1902  0.8189 836.5755  0.8189
  54.1141  0.1894  0.8156 836.6810  0.8156
  54.1742  0.1887  0.8123 836.7861  0.8123
  54.2342  0.1879  0.8089 836.8907  0.8089
  54.2943  0.1871  0.8056 836.9949  0.8056
  54.3544  0.1864  0.8023 837.0987  0.8023
  54.4144  0.1856  0.7990 837.2020  0.7990
  54.4745  0.1849  0.7958 837.3049  0.7958
  54.5345  0.1841  0.7925 837.4074  0.7925
  54.5946  0.1834  0.7893 837.5095  0.7893
  54.6547  0.1826  0.7860 837.6111  0.7860
  54.7147  0.1819  0.7828 837.7123  0.7828
  54.7748  0.1811  0.7796 837.8131  0.7796
  54.8348  0.1804  0.7764 837.9134  0.7764
  54.8949  0.1797  0.7733 838.0134  0.7733
  54.9550  0.1789  0.7701 838.1129  0.7701
  55.0150  0.1782  0.7669 838.2120  0.7669
  55.0751  0.1775  0.7638 838.3108  0.7638
  55.1351  0.1768  0.7607 838.4091  0.7607
  55.1952  0.1760  0.7576 838.5069  0.7576
  55.2553  0.1753  0.7545 838.6044  0.7545
  55.3153  0.1746  0.7514 838.7015  0.7514
  55.3754  0.1739  0.7483 838.7982  0.7483
  55.4354  0.1732  0.7453 838.8945  0.7453
  55.4955  0.1725  0.7422 838.9903  0.7422
  55.5556  0.1718  0.7392 839.0858  0.7392
  55.6156  0.1711  0.7362 839.1809  0.7362
  55.6757  0.1704  0.7331 839.2756  0.7331
  55.7357  0.1697  0.7302 839.3699  0.7302
  55.7958  0.1690  0.7272 839.4638  0.7272
  55.8559  0.1683  0.7242 839.5573  0.7242
  55.9159  0.1677  0.7212 839.6504  0.7212
  55.9760  0.1670  0.7183 839.7431  0.7183
  56.0360  0.1663  0.7154 839.8355  0.7154
  56.0961  0.1656  0.7124 839.9274  0.7124
  56.1562  0.1650  0.7095 840.0190  0.7095
  56.2162  0.1643  0.7066 840.1102  0.7066
  56.2763  0.1636  0.7037 840.2010  0.7037
  56.3363  0.1630  0.7009 840.2915  0.7009
  56.3964  0.1623  0.6980 840.3816  0.6980
  56.4565  0.1616  0.6952 840.4713  0.6952
  56.5165  0.1610  0.6923 840.5606  0.6923
  56.5766  0.1603  0.6895 840.6495  0.6895
  56.6366  0.1597  0.6867 840.7381  0.6867
  56.6967  0.1590  0.6839 840.8263  0.6839
  56.7568  0.1584  0.6811 840.9142  0.6811
  56.8168  0.1577  0.6783 841.0017  0.6783
  56.8769  0.1571  0.6755 841.0888  0.6755
  56.9369  0.1565  0.6728 841.1755  0.6728
  56.9970  0.1558  0.6700 841.2619  0.6700
  57.0571  0.1552  0.6673 841.3480  0.6673
  57.1171  0.1546  0.6646 841.4337  0.6646
  57.1772  0.1540  0.6619 841.5190  0.6619
  57.2372  0.1533  0.6592 841.6040  0.6592
  57.2973  0.1527  0.6565 841.6886  0.6565
  57.3574  0.1521  0.6538 841.7728  0.6538
  57.4174  0.1515  0.6511 841.8568  0.6511
  57.4775  0.1509  0.6485 841.9403  0.6485
  57.5375  0.1503  0.6458 842.0235  0.6458
  57.5976  0.1496  0.6432 842.1064  0.6432
  57.6577  0.1490  0.6406 842.1889  0.6406
  57.7177  0.1484  0.6380 842.2711  0.6380
  57.7778  0.1478  0.6354 842.3530  0.6354
  57.8378  0.1472  0.6328 842.4345  0.6328
  57.8979  0.1466  0.6302 842.5157  0.6302
  57.9580  0.1461  0.6276 842.5965  0.6276
  58.0180  0.1455  0.6251 842.6770  0.6251
  58.0781  0.1449  0.6225 842.7571  0.6225
  58.1381  0.1443  0.6200 842.8370  0.6200
  58.1982  0.1437  0.6174 842.9165  0.6174
  58.2583  0.1431  0.6149 842.9956  0.6149
  58.3183  0.1425  0.6124 843.0745  0.6124
  58.3784  0.1420  0.6099 843.1530  0.6099
  58.4384  0.1414  0.6074 843.2312  0.6074
  58.4985  0.1408  0.6050 843.3090  0.6050
  58.5586  0.1403  0.6025 843.3865  0.6025
  58.6186  0.1397  0.6001 843.4638  0.6001
  58.6787  0.1391  0.5976 843.5407  0.5976
  58.7387  0.1386  0.5952 843.6172  0.5952
  58.7988  0.1380  0.5928 843.6935  0.5928
  58.8589  0.1375  0.5903 843.7694  0.5903
  58.9189  0.1369  0.5879 843.8450  0.5879
  58.9790  0.1363  0.5855 843.9203  0.5855
  59.0390  0.1358  0.5832 843.9953  0.5832
  59.0991  0.1352  0.5808 844.0700  0.5808
  59.1592  0.1347  0.5784 844.1444  0.5784
  59.2192  0.1342  0.5761 844.2185  0.5761
  59.2793  0.1336  0.5737 844.2922  0.5737
  59.3393  0.1331  0.5714 844.3657  0.5714
  59.3994  0.1325  0.5691 844.4388  0.5691
  59.4595  0.1320  0.5667 844.5116  0.5667
  59.5195  0.1315  0.5644 844.5842  0.5644
  59.5796  0.1309  0.5621 844.6564  0.5621
  59.6396  0.1304  0.5599 844.7284  0.5599
  59.6997  0.1299  0.5576 844.8000  0.5576
  59.7598  0.1294  0.5553 844.8713  0.5553
  59.8198  0.1288  0.5531 844.9424  0.5531
  59.8799  0.1283  0.5508 845.0131  0.5508
  59.9399  0.1278  0.5486 845.0836  0.5486
  60.0000  0.1273  0.5463 845.1537  0.5463
